Sample	0	1	2	3	4	5	6	7	8	9	10	11	12	13	14	15	16	17	18	19	20	21	22	23	24	25	26	27	28	29	30	31	32	33	34	35	36	37	38	39	40	41	42	43	44	45	46	47	48	49	50	51	52	53	54	55	56	57	58	59	60	61	62	63	64	65	66	67	68	69	70	71	72	73	74	75	76	77	78	79	80	81	82	83	84	85	86	87	88	89	90	91	92	93	94	95	96	97	98	99	100	101	102	103	104	105	106	107	108	109	110	111	112	113	114	115	116	117
BH3-2.1	(33, 4224.0)	(34, 4205.0)	(35, 4396.0)	(36, 4177.0)	(37, 4509.0)	(38, 4280.0)	(39, 3556.0)	(40, 3892.0)	(41, 3601.0)	(42, 3695.0)	(43, 3483.0)	(44, 3528.0)	(45, 3165.0)	(46, 3344.0)	(47, 3100.0)	(48, 2999.0)	(49, 3226.0)	(50, 3102.0)	(51, 3042.0)	(52, 3092.0)	(53, 2999.0)	(54, 3175.0)	(55, 3174.0)	(56, 3677.0)	(57, 3686.0)	(58, 3360.0)	(59, 3385.0)	(60, 3409.0)	(61, 4268.0)	(62, 3964.0)	(63, 3581.0)	(64, 3508.0)	(65, 3652.0)	(66, 4246.0)	(67, 4157.0)	(68, 4216.0)	(69, 3803.0)	(70, 4005.0)	(71, 4297.0)	(72, 4159.0)	(73, 4544.0)	(74, 4680.0)	(75, 4180.0)	(76, 4643.0)	(77, 4428.0)	(78, 4500.0)	(79, 4526.0)	(80, 5506.0)	(81, 5074.0)	(82, 5015.0)	(83, 4538.0)	(84, 4362.0)	(85, 5417.0)	(86, 5856.0)	(87, 5370.0)	(88, 4800.0)	(89, 4809.0)	(90, 5726.0)	(91, 6281.0)	(92, 6705.0)	(93, 5428.0)	(94, 5637.0)	(95, 5888.0)	(96, 6080.0)	(97, 6793.0)	(98, 6602.0)	(99, 6720.0)	(100, 6993.0)	(101, 7797.0)	(102, 8008.0)	(103, 7324.0)	(104, 7711.0)	(105, 7688.0)	(106, 8142.0)	(107, 7878.0)	(108, 7505.0)	(109, 8348.0)	(110, 9179.0)	(111, 9429.0)	(112, 9333.0)	(113, 9659.0)	(114, 9657.0)	(115, 10146.0)	(116, 10958.0)	(117, 10338.0)	(118, 10873.0)	(119, 11197.0)	(120, 12414.0)	(121, 14087.0)	(122, 14248.0)	(123, 13810.0)	(124, 13789.0)	(125, 14188.0)	(126, 15923.0)	(127, 15474.0)	(128, 16310.0)	(129, 16129.0)	(130, 17444.0)	(131, 19048.0)	(132, 20170.0)	(133, 21418.0)	(134, 21060.0)	(135, 20449.0)	(136, 21162.0)	(137, 21994.0)	(138, 23632.0)	(139, 26584.0)	(140, 29553.0)	(141, 31374.0)	(142, 35187.0)	(143, 40184.0)	(144, 48894.0)	(145, 65346.0)	(146, 98026.0)	(147, 26631.0)	(148, 27468.0)	(149, 32438.0)	(150, 42559538.0)
BH3-2.2	(33, 4220.0)	(34, 4202.0)	(35, 4410.0)	(36, 4160.0)	(37, 4500.0)	(38, 4296.0)	(39, 3520.0)	(40, 3877.0)	(41, 3586.0)	(42, 3656.0)	(43, 3448.0)	(44, 3496.0)	(45, 3129.0)	(46, 3318.0)	(47, 3111.0)	(48, 3012.0)	(49, 3195.0)	(50, 3078.0)	(51, 3043.0)	(52, 3050.0)	(53, 2989.0)	(54, 3137.0)	(55, 3156.0)	(56, 3654.0)	(57, 3674.0)	(58, 3312.0)	(59, 3342.0)	(60, 3384.0)	(61, 4232.0)	(62, 3909.0)	(63, 3577.0)	(64, 3499.0)	(65, 3648.0)	(66, 4229.0)	(67, 4126.0)	(68, 4206.0)	(69, 3775.0)	(70, 4005.0)	(71, 4275.0)	(72, 4179.0)	(73, 4521.0)	(74, 4670.0)	(75, 4162.0)	(76, 4672.0)	(77, 4465.0)	(78, 4495.0)	(79, 4516.0)	(80, 5564.0)	(81, 5079.0)	(82, 5101.0)	(83, 4581.0)	(84, 4420.0)	(85, 5423.0)	(86, 5879.0)	(87, 5436.0)	(88, 4872.0)	(89, 4834.0)	(90, 5761.0)	(91, 6343.0)	(92, 6775.0)	(93, 5548.0)	(94, 5727.0)	(95, 5915.0)	(96, 6182.0)	(97, 6990.0)	(98, 6891.0)	(99, 6956.0)	(100, 7189.0)	(101, 8048.0)	(102, 8347.0)	(103, 7669.0)	(104, 7991.0)	(105, 7958.0)	(106, 8407.0)	(107, 8246.0)	(108, 7896.0)	(109, 8672.0)	(110, 9415.0)	(111, 9635.0)	(112, 9729.0)	(113, 10087.0)	(114, 9965.0)	(115, 10400.0)	(116, 11262.0)	(117, 10790.0)	(118, 11306.0)	(119, 11568.0)	(120, 12792.0)	(121, 14432.0)	(122, 14769.0)	(123, 14368.0)	(124, 14209.0)	(125, 14558.0)	(126, 16424.0)	(127, 16178.0)	(128, 17021.0)	(129, 16859.0)	(130, 18168.0)	(131, 19885.0)	(132, 21275.0)	(133, 22578.0)	(134, 22369.0)	(135, 21920.0)	(136, 22817.0)	(137, 24394.0)	(138, 26489.0)	(139, 29804.0)	(140, 33785.0)	(141, 36737.0)	(142, 42260.0)	(143, 50141.0)	(144, 62341.0)	(145, 83387.0)	(146, 127614.0)	(147, 26629.0)	(148, 27478.0)	(149, 29524.0)	(150, 42445402.0)
WW1-2.1	(33, 5165.0)	(34, 5005.0)	(35, 4897.0)	(36, 4796.0)	(37, 4657.0)	(38, 4429.0)	(39, 4356.0)	(40, 4205.0)	(41, 4090.0)	(42, 4086.0)	(43, 3852.0)	(44, 3634.0)	(45, 3656.0)	(46, 3615.0)	(47, 3397.0)	(48, 3219.0)	(49, 3163.0)	(50, 3148.0)	(51, 3138.0)	(52, 3222.0)	(53, 3306.0)	(54, 3318.0)	(55, 3494.0)	(56, 3483.0)	(57, 3554.0)	(58, 3483.0)	(59, 3452.0)	(60, 3771.0)	(61, 3775.0)	(62, 3782.0)	(63, 3594.0)	(64, 3803.0)	(65, 3808.0)	(66, 3999.0)	(67, 4072.0)	(68, 3963.0)	(69, 3958.0)	(70, 4155.0)	(71, 4078.0)	(72, 4153.0)	(73, 4044.0)	(74, 4106.0)	(75, 4247.0)	(76, 4316.0)	(77, 4304.0)	(78, 4131.0)	(79, 4147.0)	(80, 4533.0)	(81, 4625.0)	(82, 4419.0)	(83, 4319.0)	(84, 4297.0)	(85, 4539.0)	(86, 4703.0)	(87, 4547.0)	(88, 4359.0)	(89, 4502.0)	(90, 4759.0)	(91, 4926.0)	(92, 4912.0)	(93, 4723.0)	(94, 4619.0)	(95, 4774.0)	(96, 4966.0)	(97, 4949.0)	(98, 4780.0)	(99, 4609.0)	(100, 5018.0)	(101, 5247.0)	(102, 5092.0)	(103, 5024.0)	(104, 5064.0)	(105, 5150.0)	(106, 5308.0)	(107, 5261.0)	(108, 5165.0)	(109, 5321.0)	(110, 5306.0)	(111, 5366.0)	(112, 5200.0)	(113, 5194.0)	(114, 5483.0)	(115, 5618.0)	(116, 5769.0)	(117, 5900.0)	(118, 5743.0)	(119, 5317.0)	(120, 5735.0)	(121, 6162.0)	(122, 6524.0)	(123, 6154.0)	(124, 6423.0)	(125, 6494.0)	(126, 6899.0)	(127, 6954.0)	(128, 6997.0)	(129, 6894.0)	(130, 7305.0)	(131, 7197.0)	(132, 7572.0)	(133, 7593.0)	(134, 7567.0)	(135, 7990.0)	(136, 8308.0)	(137, 8748.0)	(138, 9557.0)	(139, 10960.0)	(140, 12140.0)	(141, 12790.0)	(142, 15177.0)	(143, 20004.0)	(144, 28980.0)	(145, 46408.0)	(146, 83191.0)	(147, 6649.0)	(148, 6955.0)	(149, 10352.0)	(150, 47083083.0)
WW1-2.2	(33, 5180.0)	(34, 5008.0)	(35, 4910.0)	(36, 4788.0)	(37, 4660.0)	(38, 4380.0)	(39, 4334.0)	(40, 4185.0)	(41, 4074.0)	(42, 4044.0)	(43, 3833.0)	(44, 3619.0)	(45, 3623.0)	(46, 3574.0)	(47, 3373.0)	(48, 3195.0)	(49, 3130.0)	(50, 3109.0)	(51, 3126.0)	(52, 3193.0)	(53, 3239.0)	(54, 3254.0)	(55, 3431.0)	(56, 3427.0)	(57, 3553.0)	(58, 3446.0)	(59, 3397.0)	(60, 3717.0)	(61, 3764.0)	(62, 3739.0)	(63, 3585.0)	(64, 3763.0)	(65, 3753.0)	(66, 3939.0)	(67, 4029.0)	(68, 3921.0)	(69, 3938.0)	(70, 4105.0)	(71, 4059.0)	(72, 4113.0)	(73, 3988.0)	(74, 4096.0)	(75, 4246.0)	(76, 4312.0)	(77, 4328.0)	(78, 4099.0)	(79, 4076.0)	(80, 4494.0)	(81, 4599.0)	(82, 4440.0)	(83, 4325.0)	(84, 4326.0)	(85, 4522.0)	(86, 4691.0)	(87, 4542.0)	(88, 4429.0)	(89, 4523.0)	(90, 4766.0)	(91, 4973.0)	(92, 4935.0)	(93, 4733.0)	(94, 4674.0)	(95, 4777.0)	(96, 5051.0)	(97, 5103.0)	(98, 4855.0)	(99, 4717.0)	(100, 5151.0)	(101, 5365.0)	(102, 5312.0)	(103, 5337.0)	(104, 5356.0)	(105, 5386.0)	(106, 5500.0)	(107, 5459.0)	(108, 5404.0)	(109, 5563.0)	(110, 5558.0)	(111, 5585.0)	(112, 5507.0)	(113, 5476.0)	(114, 5712.0)	(115, 5849.0)	(116, 6035.0)	(117, 6180.0)	(118, 6029.0)	(119, 5678.0)	(120, 6047.0)	(121, 6552.0)	(122, 6890.0)	(123, 6681.0)	(124, 6751.0)	(125, 6914.0)	(126, 7400.0)	(127, 7543.0)	(128, 7673.0)	(129, 7588.0)	(130, 7920.0)	(131, 8080.0)	(132, 8619.0)	(133, 8657.0)	(134, 8752.0)	(135, 9422.0)	(136, 10024.0)	(137, 10975.0)	(138, 12396.0)	(139, 14305.0)	(140, 16230.0)	(141, 18306.0)	(142, 22428.0)	(143, 29874.0)	(144, 42199.0)	(145, 64709.0)	(146, 113934.0)	(147, 6651.0)	(148, 6965.0)	(149, 7175.0)	(150, 46971962.0)
WW1-4.1	(33, 4356.0)	(34, 4144.0)	(35, 4242.0)	(36, 3909.0)	(37, 4051.0)	(38, 3921.0)	(39, 3623.0)	(40, 3647.0)	(41, 3413.0)	(42, 3540.0)	(43, 3203.0)	(44, 3228.0)	(45, 3036.0)	(46, 3108.0)	(47, 2833.0)	(48, 2820.0)	(49, 2906.0)	(50, 2755.0)	(51, 2790.0)	(52, 2796.0)	(53, 2792.0)	(54, 2905.0)	(55, 2824.0)	(56, 3012.0)	(57, 3105.0)	(58, 3005.0)	(59, 2942.0)	(60, 3034.0)	(61, 3345.0)	(62, 3272.0)	(63, 3051.0)	(64, 3193.0)	(65, 3185.0)	(66, 3400.0)	(67, 3344.0)	(68, 3339.0)	(69, 3255.0)	(70, 3411.0)	(71, 3482.0)	(72, 3403.0)	(73, 3466.0)	(74, 3428.0)	(75, 3486.0)	(76, 3742.0)	(77, 3654.0)	(78, 3704.0)	(79, 3568.0)	(80, 3894.0)	(81, 3885.0)	(82, 3863.0)	(83, 3554.0)	(84, 3642.0)	(85, 3904.0)	(86, 4063.0)	(87, 3997.0)	(88, 3696.0)	(89, 3699.0)	(90, 4057.0)	(91, 4279.0)	(92, 4222.0)	(93, 3993.0)	(94, 3943.0)	(95, 3990.0)	(96, 4214.0)	(97, 4381.0)	(98, 4038.0)	(99, 4078.0)	(100, 4246.0)	(101, 4406.0)	(102, 4429.0)	(103, 4434.0)	(104, 4454.0)	(105, 4549.0)	(106, 4807.0)	(107, 4591.0)	(108, 4334.0)	(109, 4564.0)	(110, 4809.0)	(111, 4880.0)	(112, 4746.0)	(113, 4698.0)	(114, 4695.0)	(115, 4963.0)	(116, 5227.0)	(117, 4974.0)	(118, 5052.0)	(119, 5172.0)	(120, 5607.0)	(121, 5978.0)	(122, 5975.0)	(123, 5788.0)	(124, 5722.0)	(125, 5832.0)	(126, 6503.0)	(127, 6291.0)	(128, 6585.0)	(129, 6483.0)	(130, 6744.0)	(131, 6892.0)	(132, 7298.0)	(133, 7418.0)	(134, 7542.0)	(135, 7434.0)	(136, 7900.0)	(137, 8390.0)	(138, 9241.0)	(139, 10765.0)	(140, 12278.0)	(141, 12964.0)	(142, 15248.0)	(143, 19696.0)	(144, 27298.0)	(145, 43304.0)	(146, 76167.0)	(147, 7284.0)	(148, 7709.0)	(149, 11100.0)	(150, 44525179.0)
WW1-4.2	(33, 4346.0)	(34, 4142.0)	(35, 4238.0)	(36, 3908.0)	(37, 4045.0)	(38, 3926.0)	(39, 3612.0)	(40, 3632.0)	(41, 3404.0)	(42, 3517.0)	(43, 3192.0)	(44, 3204.0)	(45, 3036.0)	(46, 3071.0)	(47, 2802.0)	(48, 2792.0)	(49, 2885.0)	(50, 2734.0)	(51, 2758.0)	(52, 2784.0)	(53, 2761.0)	(54, 2894.0)	(55, 2808.0)	(56, 3011.0)	(57, 3099.0)	(58, 2992.0)	(59, 2937.0)	(60, 2985.0)	(61, 3315.0)	(62, 3239.0)	(63, 3023.0)	(64, 3173.0)	(65, 3182.0)	(66, 3365.0)	(67, 3311.0)	(68, 3330.0)	(69, 3227.0)	(70, 3366.0)	(71, 3440.0)	(72, 3390.0)	(73, 3481.0)	(74, 3434.0)	(75, 3543.0)	(76, 3751.0)	(77, 3639.0)	(78, 3702.0)	(79, 3592.0)	(80, 3903.0)	(81, 3888.0)	(82, 3868.0)	(83, 3586.0)	(84, 3616.0)	(85, 3903.0)	(86, 4029.0)	(87, 3996.0)	(88, 3714.0)	(89, 3714.0)	(90, 4014.0)	(91, 4302.0)	(92, 4279.0)	(93, 4000.0)	(94, 3976.0)	(95, 4032.0)	(96, 4379.0)	(97, 4481.0)	(98, 4204.0)	(99, 4223.0)	(100, 4423.0)	(101, 4644.0)	(102, 4600.0)	(103, 4688.0)	(104, 4706.0)	(105, 4722.0)	(106, 4987.0)	(107, 4837.0)	(108, 4605.0)	(109, 4817.0)	(110, 4971.0)	(111, 5061.0)	(112, 4965.0)	(113, 5025.0)	(114, 4948.0)	(115, 5169.0)	(116, 5452.0)	(117, 5294.0)	(118, 5254.0)	(119, 5428.0)	(120, 5877.0)	(121, 6255.0)	(122, 6391.0)	(123, 6170.0)	(124, 6117.0)	(125, 6195.0)	(126, 6887.0)	(127, 6853.0)	(128, 7190.0)	(129, 7015.0)	(130, 7340.0)	(131, 7634.0)	(132, 8134.0)	(133, 8436.0)	(134, 8657.0)	(135, 8667.0)	(136, 9281.0)	(137, 10476.0)	(138, 11492.0)	(139, 13751.0)	(140, 15718.0)	(141, 17592.0)	(142, 21394.0)	(143, 28033.0)	(144, 38905.0)	(145, 59473.0)	(146, 104120.0)	(147, 7284.0)	(148, 7711.0)	(149, 8169.0)	(150, 44426767.0)
WW2-1.1	(33, 4308.0)	(34, 4096.0)	(35, 4093.0)	(36, 4078.0)	(37, 3836.0)	(38, 3738.0)	(39, 3497.0)	(40, 3472.0)	(41, 3453.0)	(42, 3409.0)	(43, 3106.0)	(44, 3061.0)	(45, 3034.0)	(46, 3112.0)	(47, 2795.0)	(48, 2719.0)	(49, 2865.0)	(50, 2712.0)	(51, 2781.0)	(52, 2713.0)	(53, 2777.0)	(54, 2813.0)	(55, 2847.0)	(56, 3156.0)	(57, 3127.0)	(58, 3009.0)	(59, 3005.0)	(60, 3163.0)	(61, 3254.0)	(62, 3359.0)	(63, 3212.0)	(64, 3144.0)	(65, 3330.0)	(66, 3578.0)	(67, 3482.0)	(68, 3447.0)	(69, 3437.0)	(70, 3661.0)	(71, 3660.0)	(72, 3566.0)	(73, 3550.0)	(74, 3607.0)	(75, 3796.0)	(76, 3951.0)	(77, 3636.0)	(78, 3755.0)	(79, 3709.0)	(80, 4026.0)	(81, 4117.0)	(82, 4104.0)	(83, 3884.0)	(84, 3809.0)	(85, 4091.0)	(86, 4257.0)	(87, 4147.0)	(88, 3854.0)	(89, 3964.0)	(90, 4252.0)	(91, 4706.0)	(92, 4437.0)	(93, 4132.0)	(94, 4280.0)	(95, 4452.0)	(96, 4549.0)	(97, 4586.0)	(98, 4352.0)	(99, 4306.0)	(100, 4394.0)	(101, 4697.0)	(102, 4768.0)	(103, 4576.0)	(104, 4597.0)	(105, 4945.0)	(106, 5159.0)	(107, 4937.0)	(108, 4807.0)	(109, 4822.0)	(110, 5170.0)	(111, 5301.0)	(112, 5138.0)	(113, 4907.0)	(114, 5157.0)	(115, 5305.0)	(116, 5447.0)	(117, 5593.0)	(118, 5537.0)	(119, 5394.0)	(120, 5524.0)	(121, 5891.0)	(122, 6014.0)	(123, 5813.0)	(124, 5891.0)	(125, 5929.0)	(126, 6392.0)	(127, 6441.0)	(128, 6457.0)	(129, 6552.0)	(130, 6691.0)	(131, 7052.0)	(132, 7235.0)	(133, 7251.0)	(134, 7395.0)	(135, 7741.0)	(136, 7960.0)	(137, 8492.0)	(138, 9257.0)	(139, 10627.0)	(140, 12073.0)	(141, 12710.0)	(142, 15327.0)	(143, 19937.0)	(144, 28706.0)	(145, 45293.0)	(146, 81690.0)	(147, 6906.0)	(148, 7141.0)	(149, 10720.0)	(150, 48219032.0)
WW2-1.2	(33, 4312.0)	(34, 4092.0)	(35, 4095.0)	(36, 4094.0)	(37, 3803.0)	(38, 3712.0)	(39, 3492.0)	(40, 3449.0)	(41, 3456.0)	(42, 3401.0)	(43, 3099.0)	(44, 3033.0)	(45, 3039.0)	(46, 3073.0)	(47, 2767.0)	(48, 2704.0)	(49, 2849.0)	(50, 2726.0)	(51, 2772.0)	(52, 2671.0)	(53, 2744.0)	(54, 2776.0)	(55, 2839.0)	(56, 3101.0)	(57, 3092.0)	(58, 2987.0)	(59, 2959.0)	(60, 3170.0)	(61, 3245.0)	(62, 3339.0)	(63, 3186.0)	(64, 3125.0)	(65, 3272.0)	(66, 3550.0)	(67, 3506.0)	(68, 3417.0)	(69, 3387.0)	(70, 3626.0)	(71, 3649.0)	(72, 3542.0)	(73, 3554.0)	(74, 3585.0)	(75, 3774.0)	(76, 3931.0)	(77, 3638.0)	(78, 3754.0)	(79, 3703.0)	(80, 4028.0)	(81, 4128.0)	(82, 4100.0)	(83, 3940.0)	(84, 3782.0)	(85, 4093.0)	(86, 4204.0)	(87, 4120.0)	(88, 3893.0)	(89, 3978.0)	(90, 4243.0)	(91, 4705.0)	(92, 4437.0)	(93, 4195.0)	(94, 4307.0)	(95, 4441.0)	(96, 4605.0)	(97, 4689.0)	(98, 4502.0)	(99, 4416.0)	(100, 4524.0)	(101, 4836.0)	(102, 4988.0)	(103, 4834.0)	(104, 4877.0)	(105, 5151.0)	(106, 5372.0)	(107, 5162.0)	(108, 5005.0)	(109, 5023.0)	(110, 5304.0)	(111, 5486.0)	(112, 5382.0)	(113, 5194.0)	(114, 5417.0)	(115, 5460.0)	(116, 5670.0)	(117, 5911.0)	(118, 5833.0)	(119, 5672.0)	(120, 5854.0)	(121, 6200.0)	(122, 6460.0)	(123, 6193.0)	(124, 6314.0)	(125, 6235.0)	(126, 6804.0)	(127, 7039.0)	(128, 7068.0)	(129, 7130.0)	(130, 7343.0)	(131, 7780.0)	(132, 8208.0)	(133, 8226.0)	(134, 8377.0)	(135, 9031.0)	(136, 9545.0)	(137, 10623.0)	(138, 11782.0)	(139, 13473.0)	(140, 15944.0)	(141, 17600.0)	(142, 21942.0)	(143, 29112.0)	(144, 40643.0)	(145, 62004.0)	(146, 109784.0)	(147, 6908.0)	(148, 7146.0)	(149, 7504.0)	(150, 48117736.0)
WW2-5.1	(33, 4817.0)	(34, 4637.0)	(35, 4660.0)	(36, 4566.0)	(37, 4528.0)	(38, 4359.0)	(39, 3829.0)	(40, 4110.0)	(41, 3969.0)	(42, 3882.0)	(43, 3841.0)	(44, 3663.0)	(45, 3460.0)	(46, 3535.0)	(47, 3225.0)	(48, 3105.0)	(49, 3316.0)	(50, 3156.0)	(51, 3008.0)	(52, 3167.0)	(53, 3175.0)	(54, 3272.0)	(55, 3433.0)	(56, 3555.0)	(57, 3599.0)	(58, 3543.0)	(59, 3410.0)	(60, 3598.0)	(61, 4088.0)	(62, 4094.0)	(63, 3770.0)	(64, 3715.0)	(65, 3743.0)	(66, 4243.0)	(67, 4199.0)	(68, 4188.0)	(69, 3973.0)	(70, 4331.0)	(71, 4424.0)	(72, 4340.0)	(73, 4333.0)	(74, 4621.0)	(75, 4316.0)	(76, 4741.0)	(77, 4596.0)	(78, 4535.0)	(79, 4528.0)	(80, 4955.0)	(81, 4907.0)	(82, 5050.0)	(83, 4472.0)	(84, 4463.0)	(85, 4945.0)	(86, 5253.0)	(87, 5159.0)	(88, 4794.0)	(89, 4634.0)	(90, 5120.0)	(91, 5558.0)	(92, 5520.0)	(93, 5116.0)	(94, 5013.0)	(95, 5030.0)	(96, 5293.0)	(97, 5474.0)	(98, 5111.0)	(99, 4918.0)	(100, 5388.0)	(101, 5485.0)	(102, 5548.0)	(103, 5323.0)	(104, 5410.0)	(105, 5559.0)	(106, 5844.0)	(107, 5488.0)	(108, 5294.0)	(109, 5480.0)	(110, 5658.0)	(111, 5621.0)	(112, 5764.0)	(113, 5241.0)	(114, 5428.0)	(115, 5812.0)	(116, 6108.0)	(117, 5984.0)	(118, 5939.0)	(119, 5556.0)	(120, 5900.0)	(121, 6471.0)	(122, 6387.0)	(123, 5843.0)	(124, 6041.0)	(125, 5914.0)	(126, 6510.0)	(127, 6718.0)	(128, 6712.0)	(129, 6136.0)	(130, 6534.0)	(131, 6597.0)	(132, 6723.0)	(133, 7018.0)	(134, 7032.0)	(135, 6840.0)	(136, 7530.0)	(137, 7991.0)	(138, 8571.0)	(139, 10087.0)	(140, 11464.0)	(141, 11994.0)	(142, 14620.0)	(143, 19472.0)	(144, 28670.0)	(145, 45192.0)	(146, 82958.0)	(147, 4588.0)	(148, 4507.0)	(149, 8071.0)	(150, 48956527.0)
WW2-5.2	(33, 4816.0)	(34, 4622.0)	(35, 4670.0)	(36, 4550.0)	(37, 4520.0)	(38, 4345.0)	(39, 3811.0)	(40, 4093.0)	(41, 3951.0)	(42, 3852.0)	(43, 3841.0)	(44, 3646.0)	(45, 3429.0)	(46, 3504.0)	(47, 3201.0)	(48, 3066.0)	(49, 3275.0)	(50, 3129.0)	(51, 2960.0)	(52, 3125.0)	(53, 3189.0)	(54, 3238.0)	(55, 3383.0)	(56, 3492.0)	(57, 3568.0)	(58, 3498.0)	(59, 3351.0)	(60, 3601.0)	(61, 4037.0)	(62, 4047.0)	(63, 3725.0)	(64, 3659.0)	(65, 3711.0)	(66, 4194.0)	(67, 4160.0)	(68, 4137.0)	(69, 3958.0)	(70, 4309.0)	(71, 4430.0)	(72, 4304.0)	(73, 4287.0)	(74, 4580.0)	(75, 4311.0)	(76, 4719.0)	(77, 4573.0)	(78, 4531.0)	(79, 4556.0)	(80, 4936.0)	(81, 4887.0)	(82, 5083.0)	(83, 4534.0)	(84, 4485.0)	(85, 4909.0)	(86, 5270.0)	(87, 5148.0)	(88, 4835.0)	(89, 4685.0)	(90, 5088.0)	(91, 5610.0)	(92, 5561.0)	(93, 5138.0)	(94, 5065.0)	(95, 5066.0)	(96, 5424.0)	(97, 5699.0)	(98, 5336.0)	(99, 5049.0)	(100, 5558.0)	(101, 5653.0)	(102, 5927.0)	(103, 5731.0)	(104, 5722.0)	(105, 5832.0)	(106, 6124.0)	(107, 5791.0)	(108, 5645.0)	(109, 5783.0)	(110, 5931.0)	(111, 5887.0)	(112, 6097.0)	(113, 5687.0)	(114, 5755.0)	(115, 6113.0)	(116, 6430.0)	(117, 6366.0)	(118, 6359.0)	(119, 5905.0)	(120, 6257.0)	(121, 6821.0)	(122, 6868.0)	(123, 6408.0)	(124, 6564.0)	(125, 6431.0)	(126, 7053.0)	(127, 7378.0)	(128, 7459.0)	(129, 6951.0)	(130, 7326.0)	(131, 7551.0)	(132, 7932.0)	(133, 8303.0)	(134, 8487.0)	(135, 8496.0)	(136, 9647.0)	(137, 10604.0)	(138, 11701.0)	(139, 13758.0)	(140, 16456.0)	(141, 18288.0)	(142, 23206.0)	(143, 31519.0)	(144, 45449.0)	(145, 70410.0)	(146, 125702.0)	(147, 4588.0)	(148, 4509.0)	(149, 4734.0)	(150, 48812615.0)
WW2-6.1	(33, 4332.0)	(34, 4327.0)	(35, 4256.0)	(36, 4216.0)	(37, 4078.0)	(38, 3988.0)	(39, 3545.0)	(40, 3711.0)	(41, 3601.0)	(42, 3517.0)	(43, 3382.0)	(44, 3270.0)	(45, 3240.0)	(46, 3311.0)	(47, 3005.0)	(48, 2908.0)	(49, 2922.0)	(50, 2888.0)	(51, 2851.0)	(52, 3037.0)	(53, 2957.0)	(54, 2989.0)	(55, 3129.0)	(56, 3262.0)	(57, 3274.0)	(58, 3068.0)	(59, 3140.0)	(60, 3373.0)	(61, 3735.0)	(62, 3605.0)	(63, 3390.0)	(64, 3381.0)	(65, 3584.0)	(66, 3852.0)	(67, 3740.0)	(68, 3599.0)	(69, 3596.0)	(70, 3797.0)	(71, 3948.0)	(72, 3799.0)	(73, 3908.0)	(74, 3801.0)	(75, 4067.0)	(76, 4374.0)	(77, 4061.0)	(78, 4083.0)	(79, 4014.0)	(80, 4347.0)	(81, 4383.0)	(82, 4462.0)	(83, 4173.0)	(84, 4014.0)	(85, 4506.0)	(86, 4580.0)	(87, 4644.0)	(88, 4191.0)	(89, 4139.0)	(90, 4579.0)	(91, 4973.0)	(92, 4683.0)	(93, 4322.0)	(94, 4237.0)	(95, 4616.0)	(96, 4800.0)	(97, 4986.0)	(98, 4513.0)	(99, 4532.0)	(100, 4697.0)	(101, 4964.0)	(102, 4798.0)	(103, 4759.0)	(104, 4907.0)	(105, 4980.0)	(106, 5265.0)	(107, 5012.0)	(108, 4824.0)	(109, 4826.0)	(110, 5195.0)	(111, 5316.0)	(112, 5140.0)	(113, 4845.0)	(114, 4952.0)	(115, 5299.0)	(116, 5532.0)	(117, 5352.0)	(118, 5227.0)	(119, 5119.0)	(120, 5587.0)	(121, 5954.0)	(122, 5877.0)	(123, 5525.0)	(124, 5528.0)	(125, 5559.0)	(126, 6367.0)	(127, 6114.0)	(128, 6095.0)	(129, 5877.0)	(130, 6222.0)	(131, 6372.0)	(132, 6450.0)	(133, 6612.0)	(134, 6647.0)	(135, 6828.0)	(136, 7220.0)	(137, 7585.0)	(138, 8511.0)	(139, 9589.0)	(140, 10566.0)	(141, 11327.0)	(142, 13571.0)	(143, 18102.0)	(144, 26565.0)	(145, 42600.0)	(146, 76358.0)	(147, 5054.0)	(148, 5475.0)	(149, 8797.0)	(150, 44515462.0)
WW2-6.2	(33, 4334.0)	(34, 4352.0)	(35, 4276.0)	(36, 4214.0)	(37, 4086.0)	(38, 3997.0)	(39, 3530.0)	(40, 3716.0)	(41, 3587.0)	(42, 3521.0)	(43, 3394.0)	(44, 3260.0)	(45, 3251.0)	(46, 3303.0)	(47, 3015.0)	(48, 2899.0)	(49, 2921.0)	(50, 2867.0)	(51, 2853.0)	(52, 3038.0)	(53, 2945.0)	(54, 2997.0)	(55, 3129.0)	(56, 3263.0)	(57, 3275.0)	(58, 3072.0)	(59, 3119.0)	(60, 3378.0)	(61, 3726.0)	(62, 3600.0)	(63, 3381.0)	(64, 3384.0)	(65, 3604.0)	(66, 3843.0)	(67, 3771.0)	(68, 3624.0)	(69, 3603.0)	(70, 3834.0)	(71, 3919.0)	(72, 3831.0)	(73, 3938.0)	(74, 3820.0)	(75, 4122.0)	(76, 4403.0)	(77, 4125.0)	(78, 4127.0)	(79, 4083.0)	(80, 4417.0)	(81, 4420.0)	(82, 4537.0)	(83, 4209.0)	(84, 4033.0)	(85, 4580.0)	(86, 4595.0)	(87, 4690.0)	(88, 4274.0)	(89, 4219.0)	(90, 4631.0)	(91, 5026.0)	(92, 4761.0)	(93, 4420.0)	(94, 4326.0)	(95, 4712.0)	(96, 4949.0)	(97, 5198.0)	(98, 4695.0)	(99, 4705.0)	(100, 4868.0)	(101, 5138.0)	(102, 5177.0)	(103, 5061.0)	(104, 5237.0)	(105, 5268.0)	(106, 5534.0)	(107, 5343.0)	(108, 5129.0)	(109, 5067.0)	(110, 5418.0)	(111, 5531.0)	(112, 5475.0)	(113, 5250.0)	(114, 5294.0)	(115, 5547.0)	(116, 5858.0)	(117, 5692.0)	(118, 5545.0)	(119, 5470.0)	(120, 5906.0)	(121, 6306.0)	(122, 6399.0)	(123, 6034.0)	(124, 5987.0)	(125, 6041.0)	(126, 6950.0)	(127, 6759.0)	(128, 6813.0)	(129, 6640.0)	(130, 6914.0)	(131, 7271.0)	(132, 7513.0)	(133, 7718.0)	(134, 7882.0)	(135, 8193.0)	(136, 8962.0)	(137, 9807.0)	(138, 11240.0)	(139, 12706.0)	(140, 15108.0)	(141, 17120.0)	(142, 21096.0)	(143, 28730.0)	(144, 41430.0)	(145, 64028.0)	(146, 114330.0)	(147, 5057.0)	(148, 5477.0)	(149, 5721.0)	(150, 44386229.0)
WW3-1.1	(33, 3492.0)	(34, 3422.0)	(35, 3378.0)	(36, 3271.0)	(37, 3292.0)	(38, 2924.0)	(39, 2959.0)	(40, 2862.0)	(41, 2816.0)	(42, 2777.0)	(43, 2690.0)	(44, 2536.0)	(45, 2523.0)	(46, 2566.0)	(47, 2347.0)	(48, 2243.0)	(49, 2269.0)	(50, 2232.0)	(51, 2220.0)	(52, 2349.0)	(53, 2318.0)	(54, 2428.0)	(55, 2511.0)	(56, 2497.0)	(57, 2590.0)	(58, 2622.0)	(59, 2416.0)	(60, 2600.0)	(61, 2728.0)	(62, 2679.0)	(63, 2648.0)	(64, 2664.0)	(65, 2757.0)	(66, 2968.0)	(67, 2977.0)	(68, 2881.0)	(69, 2889.0)	(70, 3087.0)	(71, 2933.0)	(72, 3030.0)	(73, 3045.0)	(74, 2926.0)	(75, 3083.0)	(76, 3100.0)	(77, 3186.0)	(78, 3048.0)	(79, 3155.0)	(80, 3248.0)	(81, 3418.0)	(82, 3500.0)	(83, 3227.0)	(84, 3224.0)	(85, 3267.0)	(86, 3644.0)	(87, 3634.0)	(88, 3441.0)	(89, 3230.0)	(90, 3387.0)	(91, 3678.0)	(92, 3759.0)	(93, 3474.0)	(94, 3563.0)	(95, 3608.0)	(96, 3704.0)	(97, 3815.0)	(98, 3601.0)	(99, 3496.0)	(100, 3558.0)	(101, 3686.0)	(102, 3849.0)	(103, 3787.0)	(104, 3585.0)	(105, 4010.0)	(106, 4128.0)	(107, 3987.0)	(108, 3799.0)	(109, 3800.0)	(110, 4026.0)	(111, 3983.0)	(112, 4155.0)	(113, 3854.0)	(114, 3872.0)	(115, 4156.0)	(116, 4388.0)	(117, 4273.0)	(118, 4192.0)	(119, 4040.0)	(120, 4425.0)	(121, 4543.0)	(122, 4493.0)	(123, 4609.0)	(124, 4654.0)	(125, 4635.0)	(126, 4934.0)	(127, 4878.0)	(128, 5011.0)	(129, 4993.0)	(130, 5162.0)	(131, 5111.0)	(132, 5254.0)	(133, 5276.0)	(134, 5339.0)	(135, 5443.0)	(136, 5826.0)	(137, 6109.0)	(138, 6851.0)	(139, 7692.0)	(140, 8614.0)	(141, 9039.0)	(142, 10652.0)	(143, 14677.0)	(144, 21066.0)	(145, 33831.0)	(146, 61949.0)	(147, 3958.0)	(148, 4405.0)	(149, 6834.0)	(150, 36008907.0)
WW3-1.2	(33, 3501.0)	(34, 3417.0)	(35, 3368.0)	(36, 3264.0)	(37, 3290.0)	(38, 2921.0)	(39, 2948.0)	(40, 2839.0)	(41, 2810.0)	(42, 2742.0)	(43, 2690.0)	(44, 2518.0)	(45, 2496.0)	(46, 2562.0)	(47, 2345.0)	(48, 2236.0)	(49, 2222.0)	(50, 2234.0)	(51, 2193.0)	(52, 2341.0)	(53, 2250.0)	(54, 2404.0)	(55, 2489.0)	(56, 2485.0)	(57, 2563.0)	(58, 2602.0)	(59, 2380.0)	(60, 2578.0)	(61, 2669.0)	(62, 2662.0)	(63, 2636.0)	(64, 2643.0)	(65, 2740.0)	(66, 2984.0)	(67, 2948.0)	(68, 2877.0)	(69, 2875.0)	(70, 3049.0)	(71, 2921.0)	(72, 3022.0)	(73, 3041.0)	(74, 2920.0)	(75, 3069.0)	(76, 3095.0)	(77, 3205.0)	(78, 3074.0)	(79, 3153.0)	(80, 3217.0)	(81, 3408.0)	(82, 3489.0)	(83, 3197.0)	(84, 3228.0)	(85, 3243.0)	(86, 3632.0)	(87, 3623.0)	(88, 3470.0)	(89, 3239.0)	(90, 3410.0)	(91, 3738.0)	(92, 3825.0)	(93, 3528.0)	(94, 3586.0)	(95, 3616.0)	(96, 3808.0)	(97, 3948.0)	(98, 3772.0)	(99, 3583.0)	(100, 3722.0)	(101, 3894.0)	(102, 4027.0)	(103, 3971.0)	(104, 3819.0)	(105, 4217.0)	(106, 4303.0)	(107, 4180.0)	(108, 4004.0)	(109, 4027.0)	(110, 4172.0)	(111, 4149.0)	(112, 4391.0)	(113, 4139.0)	(114, 4063.0)	(115, 4356.0)	(116, 4565.0)	(117, 4492.0)	(118, 4475.0)	(119, 4284.0)	(120, 4632.0)	(121, 4821.0)	(122, 4835.0)	(123, 5069.0)	(124, 5023.0)	(125, 4916.0)	(126, 5306.0)	(127, 5289.0)	(128, 5438.0)	(129, 5490.0)	(130, 5641.0)	(131, 5664.0)	(132, 5988.0)	(133, 6167.0)	(134, 6263.0)	(135, 6444.0)	(136, 7056.0)	(137, 7759.0)	(138, 8756.0)	(139, 9814.0)	(140, 11639.0)	(141, 12764.0)	(142, 16131.0)	(143, 21419.0)	(144, 30054.0)	(145, 46272.0)	(146, 81352.0)	(147, 3960.0)	(148, 4407.0)	(149, 4383.0)	(150, 35932317.0)
WW5-1.1	(33, 4250.0)	(34, 3984.0)	(35, 4049.0)	(36, 3741.0)	(37, 3840.0)	(38, 3661.0)	(39, 3308.0)	(40, 3415.0)	(41, 3314.0)	(42, 3224.0)	(43, 3288.0)	(44, 2985.0)	(45, 3032.0)	(46, 2910.0)	(47, 2738.0)	(48, 2766.0)	(49, 2629.0)	(50, 2742.0)	(51, 2667.0)	(52, 2598.0)	(53, 2667.0)	(54, 2703.0)	(55, 2828.0)	(56, 3014.0)	(57, 2948.0)	(58, 2954.0)	(59, 2840.0)	(60, 3062.0)	(61, 3295.0)	(62, 3064.0)	(63, 3113.0)	(64, 3106.0)	(65, 3255.0)	(66, 3467.0)	(67, 3421.0)	(68, 3377.0)	(69, 3276.0)	(70, 3518.0)	(71, 3486.0)	(72, 3566.0)	(73, 3461.0)	(74, 3561.0)	(75, 3617.0)	(76, 3809.0)	(77, 3690.0)	(78, 3680.0)	(79, 3639.0)	(80, 3926.0)	(81, 3888.0)	(82, 3801.0)	(83, 3807.0)	(84, 3754.0)	(85, 3902.0)	(86, 3850.0)	(87, 3898.0)	(88, 3856.0)	(89, 3798.0)	(90, 3954.0)	(91, 4323.0)	(92, 4148.0)	(93, 3921.0)	(94, 4039.0)	(95, 4289.0)	(96, 4274.0)	(97, 4258.0)	(98, 4007.0)	(99, 3919.0)	(100, 4142.0)	(101, 4360.0)	(102, 4326.0)	(103, 4276.0)	(104, 4206.0)	(105, 4530.0)	(106, 4649.0)	(107, 4476.0)	(108, 4437.0)	(109, 4407.0)	(110, 4625.0)	(111, 4643.0)	(112, 4505.0)	(113, 4403.0)	(114, 4376.0)	(115, 4793.0)	(116, 4806.0)	(117, 4880.0)	(118, 4857.0)	(119, 4693.0)	(120, 5006.0)	(121, 4949.0)	(122, 4880.0)	(123, 4994.0)	(124, 5222.0)	(125, 5339.0)	(126, 5426.0)	(127, 5621.0)	(128, 5601.0)	(129, 5623.0)	(130, 5811.0)	(131, 5874.0)	(132, 6054.0)	(133, 5943.0)	(134, 6031.0)	(135, 6229.0)	(136, 6478.0)	(137, 6997.0)	(138, 7796.0)	(139, 8493.0)	(140, 10001.0)	(141, 10510.0)	(142, 12633.0)	(143, 16828.0)	(144, 25079.0)	(145, 40374.0)	(146, 74706.0)	(147, 4432.0)	(148, 4858.0)	(149, 7848.0)	(150, 45004035.0)
WW5-1.2	(33, 4235.0)	(34, 3997.0)	(35, 4024.0)	(36, 3740.0)	(37, 3829.0)	(38, 3661.0)	(39, 3313.0)	(40, 3418.0)	(41, 3296.0)	(42, 3215.0)	(43, 3261.0)	(44, 2972.0)	(45, 3000.0)	(46, 2905.0)	(47, 2706.0)	(48, 2727.0)	(49, 2619.0)	(50, 2731.0)	(51, 2664.0)	(52, 2579.0)	(53, 2676.0)	(54, 2678.0)	(55, 2839.0)	(56, 2983.0)	(57, 2945.0)	(58, 2949.0)	(59, 2835.0)	(60, 3044.0)	(61, 3287.0)	(62, 3089.0)	(63, 3095.0)	(64, 3131.0)	(65, 3230.0)	(66, 3444.0)	(67, 3422.0)	(68, 3381.0)	(69, 3284.0)	(70, 3512.0)	(71, 3485.0)	(72, 3535.0)	(73, 3463.0)	(74, 3547.0)	(75, 3646.0)	(76, 3818.0)	(77, 3696.0)	(78, 3666.0)	(79, 3626.0)	(80, 3926.0)	(81, 3904.0)	(82, 3849.0)	(83, 3869.0)	(84, 3782.0)	(85, 3942.0)	(86, 3859.0)	(87, 3902.0)	(88, 3889.0)	(89, 3840.0)	(90, 3945.0)	(91, 4345.0)	(92, 4190.0)	(93, 3988.0)	(94, 4084.0)	(95, 4330.0)	(96, 4377.0)	(97, 4388.0)	(98, 4186.0)	(99, 4064.0)	(100, 4297.0)	(101, 4493.0)	(102, 4566.0)	(103, 4526.0)	(104, 4424.0)	(105, 4728.0)	(106, 4834.0)	(107, 4703.0)	(108, 4692.0)	(109, 4600.0)	(110, 4817.0)	(111, 4863.0)	(112, 4853.0)	(113, 4692.0)	(114, 4608.0)	(115, 4992.0)	(116, 5025.0)	(117, 5180.0)	(118, 5108.0)	(119, 4951.0)	(120, 5265.0)	(121, 5242.0)	(122, 5308.0)	(123, 5435.0)	(124, 5631.0)	(125, 5678.0)	(126, 5845.0)	(127, 6139.0)	(128, 6163.0)	(129, 6183.0)	(130, 6395.0)	(131, 6604.0)	(132, 6862.0)	(133, 7030.0)	(134, 7069.0)	(135, 7484.0)	(136, 7980.0)	(137, 8931.0)	(138, 10272.0)	(139, 11407.0)	(140, 13641.0)	(141, 15193.0)	(142, 19379.0)	(143, 26073.0)	(144, 37752.0)	(145, 58201.0)	(146, 104452.0)	(147, 4432.0)	(148, 4862.0)	(149, 4784.0)	(150, 44898730.0)
WW5-3.1	(33, 4871.0)	(34, 4756.0)	(35, 4653.0)	(36, 4492.0)	(37, 4346.0)	(38, 4073.0)	(39, 3837.0)	(40, 3952.0)	(41, 3881.0)	(42, 3806.0)	(43, 3474.0)	(44, 3461.0)	(45, 3413.0)	(46, 3329.0)	(47, 3231.0)	(48, 3003.0)	(49, 2911.0)	(50, 3113.0)	(51, 2983.0)	(52, 2986.0)	(53, 3044.0)	(54, 3137.0)	(55, 3203.0)	(56, 3346.0)	(57, 3321.0)	(58, 3309.0)	(59, 3154.0)	(60, 3429.0)	(61, 3569.0)	(62, 3647.0)	(63, 3401.0)	(64, 3366.0)	(65, 3614.0)	(66, 3832.0)	(67, 3825.0)	(68, 3791.0)	(69, 3740.0)	(70, 3919.0)	(71, 4067.0)	(72, 4041.0)	(73, 3826.0)	(74, 3945.0)	(75, 4064.0)	(76, 4261.0)	(77, 4286.0)	(78, 4068.0)	(79, 4063.0)	(80, 4333.0)	(81, 4593.0)	(82, 4500.0)	(83, 4110.0)	(84, 4050.0)	(85, 4394.0)	(86, 4759.0)	(87, 4477.0)	(88, 4323.0)	(89, 4252.0)	(90, 4498.0)	(91, 4900.0)	(92, 4782.0)	(93, 4510.0)	(94, 4352.0)	(95, 4652.0)	(96, 4888.0)	(97, 4865.0)	(98, 4690.0)	(99, 4415.0)	(100, 4710.0)	(101, 4933.0)	(102, 5050.0)	(103, 4775.0)	(104, 4754.0)	(105, 5025.0)	(106, 5131.0)	(107, 5082.0)	(108, 4922.0)	(109, 4879.0)	(110, 5107.0)	(111, 5127.0)	(112, 5080.0)	(113, 5018.0)	(114, 5018.0)	(115, 5088.0)	(116, 5321.0)	(117, 5224.0)	(118, 5124.0)	(119, 4953.0)	(120, 5417.0)	(121, 5589.0)	(122, 5506.0)	(123, 5553.0)	(124, 5445.0)	(125, 5535.0)	(126, 5968.0)	(127, 5967.0)	(128, 5989.0)	(129, 5770.0)	(130, 5956.0)	(131, 6057.0)	(132, 5991.0)	(133, 6267.0)	(134, 6400.0)	(135, 6369.0)	(136, 6713.0)	(137, 7014.0)	(138, 7837.0)	(139, 8806.0)	(140, 10148.0)	(141, 10517.0)	(142, 12913.0)	(143, 17576.0)	(144, 26126.0)	(145, 42043.0)	(146, 77304.0)	(147, 4366.0)	(148, 4499.0)	(149, 7973.0)	(150, 47174129.0)
WW5-3.2	(33, 4892.0)	(34, 4775.0)	(35, 4670.0)	(36, 4525.0)	(37, 4354.0)	(38, 4080.0)	(39, 3847.0)	(40, 3986.0)	(41, 3895.0)	(42, 3836.0)	(43, 3519.0)	(44, 3479.0)	(45, 3431.0)	(46, 3348.0)	(47, 3267.0)	(48, 3015.0)	(49, 2925.0)	(50, 3108.0)	(51, 3012.0)	(52, 3000.0)	(53, 3062.0)	(54, 3183.0)	(55, 3242.0)	(56, 3390.0)	(57, 3342.0)	(58, 3344.0)	(59, 3168.0)	(60, 3457.0)	(61, 3603.0)	(62, 3679.0)	(63, 3428.0)	(64, 3433.0)	(65, 3643.0)	(66, 3884.0)	(67, 3861.0)	(68, 3835.0)	(69, 3792.0)	(70, 3987.0)	(71, 4098.0)	(72, 4085.0)	(73, 3914.0)	(74, 4030.0)	(75, 4121.0)	(76, 4318.0)	(77, 4354.0)	(78, 4161.0)	(79, 4165.0)	(80, 4407.0)	(81, 4669.0)	(82, 4597.0)	(83, 4210.0)	(84, 4177.0)	(85, 4502.0)	(86, 4844.0)	(87, 4606.0)	(88, 4452.0)	(89, 4386.0)	(90, 4603.0)	(91, 5036.0)	(92, 4912.0)	(93, 4682.0)	(94, 4550.0)	(95, 4777.0)	(96, 5085.0)	(97, 5145.0)	(98, 5031.0)	(99, 4661.0)	(100, 4987.0)	(101, 5177.0)	(102, 5434.0)	(103, 5226.0)	(104, 5196.0)	(105, 5429.0)	(106, 5517.0)	(107, 5470.0)	(108, 5364.0)	(109, 5319.0)	(110, 5469.0)	(111, 5497.0)	(112, 5555.0)	(113, 5562.0)	(114, 5444.0)	(115, 5506.0)	(116, 5774.0)	(117, 5711.0)	(118, 5619.0)	(119, 5471.0)	(120, 5934.0)	(121, 6111.0)	(122, 6083.0)	(123, 6311.0)	(124, 6119.0)	(125, 6139.0)	(126, 6628.0)	(127, 6901.0)	(128, 6873.0)	(129, 6689.0)	(130, 6977.0)	(131, 7223.0)	(132, 7310.0)	(133, 7681.0)	(134, 7876.0)	(135, 8163.0)	(136, 8877.0)	(137, 9805.0)	(138, 11274.0)	(139, 12896.0)	(140, 15867.0)	(141, 17622.0)	(142, 23148.0)	(143, 32170.0)	(144, 48176.0)	(145, 77337.0)	(146, 143951.0)	(147, 4365.0)	(148, 4502.0)	(149, 4821.0)	(150, 46974815.0)
WW5-4.1	(33, 2340.0)	(34, 2266.0)	(35, 2120.0)	(36, 2128.0)	(37, 2106.0)	(38, 2011.0)	(39, 1874.0)	(40, 1786.0)	(41, 1827.0)	(42, 1821.0)	(43, 1771.0)	(44, 1582.0)	(45, 1619.0)	(46, 1637.0)	(47, 1554.0)	(48, 1462.0)	(49, 1455.0)	(50, 1422.0)	(51, 1464.0)	(52, 1413.0)	(53, 1429.0)	(54, 1476.0)	(55, 1616.0)	(56, 1628.0)	(57, 1601.0)	(58, 1624.0)	(59, 1647.0)	(60, 1597.0)	(61, 1754.0)	(62, 1713.0)	(63, 1648.0)	(64, 1601.0)	(65, 1746.0)	(66, 1833.0)	(67, 1884.0)	(68, 1707.0)	(69, 1777.0)	(70, 1860.0)	(71, 1929.0)	(72, 1957.0)	(73, 1857.0)	(74, 1846.0)	(75, 1979.0)	(76, 1903.0)	(77, 1972.0)	(78, 1990.0)	(79, 1985.0)	(80, 2147.0)	(81, 2160.0)	(82, 2243.0)	(83, 2128.0)	(84, 1996.0)	(85, 2281.0)	(86, 2244.0)	(87, 2156.0)	(88, 2097.0)	(89, 2090.0)	(90, 2287.0)	(91, 2332.0)	(92, 2369.0)	(93, 2228.0)	(94, 2173.0)	(95, 2246.0)	(96, 2367.0)	(97, 2416.0)	(98, 2312.0)	(99, 2265.0)	(100, 2377.0)	(101, 2408.0)	(102, 2448.0)	(103, 2400.0)	(104, 2383.0)	(105, 2496.0)	(106, 2674.0)	(107, 2550.0)	(108, 2549.0)	(109, 2612.0)	(110, 2599.0)	(111, 2706.0)	(112, 2639.0)	(113, 2715.0)	(114, 2702.0)	(115, 2808.0)	(116, 2893.0)	(117, 2896.0)	(118, 2829.0)	(119, 2789.0)	(120, 2944.0)	(121, 3098.0)	(122, 2965.0)	(123, 3235.0)	(124, 3158.0)	(125, 3204.0)	(126, 3483.0)	(127, 3616.0)	(128, 3476.0)	(129, 3468.0)	(130, 3693.0)	(131, 3799.0)	(132, 3904.0)	(133, 4060.0)	(134, 4006.0)	(135, 4097.0)	(136, 4527.0)	(137, 4592.0)	(138, 5221.0)	(139, 5897.0)	(140, 7009.0)	(141, 7317.0)	(142, 8979.0)	(143, 12044.0)	(144, 17596.0)	(145, 28223.0)	(146, 51071.0)	(147, 3726.0)	(148, 3974.0)	(149, 5774.0)	(150, 27820398.0)
WW5-4.2	(33, 2335.0)	(34, 2277.0)	(35, 2124.0)	(36, 2133.0)	(37, 2105.0)	(38, 2007.0)	(39, 1858.0)	(40, 1769.0)	(41, 1795.0)	(42, 1806.0)	(43, 1747.0)	(44, 1564.0)	(45, 1614.0)	(46, 1609.0)	(47, 1542.0)	(48, 1454.0)	(49, 1436.0)	(50, 1439.0)	(51, 1442.0)	(52, 1397.0)	(53, 1426.0)	(54, 1440.0)	(55, 1603.0)	(56, 1628.0)	(57, 1616.0)	(58, 1594.0)	(59, 1618.0)	(60, 1597.0)	(61, 1760.0)	(62, 1673.0)	(63, 1635.0)	(64, 1584.0)	(65, 1725.0)	(66, 1820.0)	(67, 1892.0)	(68, 1688.0)	(69, 1765.0)	(70, 1859.0)	(71, 1912.0)	(72, 1963.0)	(73, 1869.0)	(74, 1833.0)	(75, 1968.0)	(76, 1902.0)	(77, 1960.0)	(78, 1988.0)	(79, 1975.0)	(80, 2118.0)	(81, 2129.0)	(82, 2256.0)	(83, 2127.0)	(84, 2004.0)	(85, 2297.0)	(86, 2241.0)	(87, 2191.0)	(88, 2119.0)	(89, 2112.0)	(90, 2292.0)	(91, 2353.0)	(92, 2424.0)	(93, 2242.0)	(94, 2186.0)	(95, 2273.0)	(96, 2418.0)	(97, 2494.0)	(98, 2441.0)	(99, 2379.0)	(100, 2467.0)	(101, 2490.0)	(102, 2572.0)	(103, 2550.0)	(104, 2486.0)	(105, 2620.0)	(106, 2812.0)	(107, 2676.0)	(108, 2692.0)	(109, 2730.0)	(110, 2731.0)	(111, 2821.0)	(112, 2869.0)	(113, 2903.0)	(114, 2821.0)	(115, 2934.0)	(116, 3044.0)	(117, 3074.0)	(118, 3002.0)	(119, 2957.0)	(120, 3081.0)	(121, 3291.0)	(122, 3223.0)	(123, 3490.0)	(124, 3362.0)	(125, 3472.0)	(126, 3722.0)	(127, 3887.0)	(128, 3837.0)	(129, 3889.0)	(130, 3954.0)	(131, 4261.0)	(132, 4398.0)	(133, 4502.0)	(134, 4609.0)	(135, 4893.0)	(136, 5429.0)	(137, 5773.0)	(138, 6569.0)	(139, 7519.0)	(140, 9056.0)	(141, 9835.0)	(142, 12309.0)	(143, 16617.0)	(144, 23552.0)	(145, 36356.0)	(146, 65477.0)	(147, 3723.0)	(148, 3974.0)	(149, 4118.0)	(150, 27767510.0)
WW5-5.1	(33, 5148.0)	(34, 5123.0)	(35, 4907.0)	(36, 4766.0)	(37, 4676.0)	(38, 4679.0)	(39, 4319.0)	(40, 4230.0)	(41, 4155.0)	(42, 4256.0)	(43, 3935.0)	(44, 3719.0)	(45, 3646.0)	(46, 3765.0)	(47, 3518.0)	(48, 3304.0)	(49, 3459.0)	(50, 3401.0)	(51, 3323.0)	(52, 3248.0)	(53, 3613.0)	(54, 3604.0)	(55, 3506.0)	(56, 3671.0)	(57, 3676.0)	(58, 3677.0)	(59, 3792.0)	(60, 3868.0)	(61, 4045.0)	(62, 4043.0)	(63, 4027.0)	(64, 3911.0)	(65, 4124.0)	(66, 4220.0)	(67, 4289.0)	(68, 4160.0)	(69, 4153.0)	(70, 4349.0)	(71, 4503.0)	(72, 4509.0)	(73, 4427.0)	(74, 4519.0)	(75, 4609.0)	(76, 4735.0)	(77, 4637.0)	(78, 4617.0)	(79, 4580.0)	(80, 4801.0)	(81, 4913.0)	(82, 4937.0)	(83, 4737.0)	(84, 4751.0)	(85, 5042.0)	(86, 5122.0)	(87, 5115.0)	(88, 5009.0)	(89, 4910.0)	(90, 5379.0)	(91, 5419.0)	(92, 5358.0)	(93, 5279.0)	(94, 5239.0)	(95, 5304.0)	(96, 5465.0)	(97, 5332.0)	(98, 5233.0)	(99, 5198.0)	(100, 5312.0)	(101, 5707.0)	(102, 5439.0)	(103, 5444.0)	(104, 5417.0)	(105, 5574.0)	(106, 5803.0)	(107, 5709.0)	(108, 5727.0)	(109, 5737.0)	(110, 5928.0)	(111, 5962.0)	(112, 5888.0)	(113, 5612.0)	(114, 5966.0)	(115, 5930.0)	(116, 6247.0)	(117, 6208.0)	(118, 6086.0)	(119, 5921.0)	(120, 6337.0)	(121, 6368.0)	(122, 6648.0)	(123, 6475.0)	(124, 6540.0)	(125, 6817.0)	(126, 7055.0)	(127, 7300.0)	(128, 7240.0)	(129, 7315.0)	(130, 7441.0)	(131, 7679.0)	(132, 7526.0)	(133, 7695.0)	(134, 7676.0)	(135, 8011.0)	(136, 8405.0)	(137, 9047.0)	(138, 10095.0)	(139, 11526.0)	(140, 13257.0)	(141, 13933.0)	(142, 16748.0)	(143, 23036.0)	(144, 34209.0)	(145, 55907.0)	(146, 103069.0)	(147, 5254.0)	(148, 5846.0)	(149, 10194.0)	(150, 61212560.0)
WW5-5.2	(33, 5160.0)	(34, 5124.0)	(35, 4916.0)	(36, 4764.0)	(37, 4658.0)	(38, 4684.0)	(39, 4330.0)	(40, 4237.0)	(41, 4126.0)	(42, 4241.0)	(43, 3924.0)	(44, 3676.0)	(45, 3622.0)	(46, 3718.0)	(47, 3522.0)	(48, 3249.0)	(49, 3397.0)	(50, 3368.0)	(51, 3280.0)	(52, 3214.0)	(53, 3527.0)	(54, 3540.0)	(55, 3480.0)	(56, 3643.0)	(57, 3636.0)	(58, 3681.0)	(59, 3737.0)	(60, 3800.0)	(61, 4004.0)	(62, 3918.0)	(63, 3985.0)	(64, 3894.0)	(65, 4083.0)	(66, 4171.0)	(67, 4214.0)	(68, 4096.0)	(69, 4129.0)	(70, 4293.0)	(71, 4481.0)	(72, 4468.0)	(73, 4378.0)	(74, 4496.0)	(75, 4564.0)	(76, 4739.0)	(77, 4659.0)	(78, 4600.0)	(79, 4573.0)	(80, 4830.0)	(81, 4878.0)	(82, 4973.0)	(83, 4738.0)	(84, 4752.0)	(85, 4981.0)	(86, 5095.0)	(87, 5057.0)	(88, 4992.0)	(89, 4936.0)	(90, 5358.0)	(91, 5443.0)	(92, 5389.0)	(93, 5293.0)	(94, 5288.0)	(95, 5296.0)	(96, 5566.0)	(97, 5485.0)	(98, 5360.0)	(99, 5376.0)	(100, 5496.0)	(101, 5904.0)	(102, 5691.0)	(103, 5665.0)	(104, 5712.0)	(105, 5874.0)	(106, 6003.0)	(107, 5964.0)	(108, 6055.0)	(109, 5981.0)	(110, 6169.0)	(111, 6182.0)	(112, 6243.0)	(113, 5879.0)	(114, 6215.0)	(115, 6125.0)	(116, 6468.0)	(117, 6611.0)	(118, 6419.0)	(119, 6367.0)	(120, 6652.0)	(121, 6766.0)	(122, 6984.0)	(123, 7083.0)	(124, 6965.0)	(125, 7251.0)	(126, 7565.0)	(127, 7995.0)	(128, 7861.0)	(129, 8113.0)	(130, 8148.0)	(131, 8585.0)	(132, 8704.0)	(133, 8992.0)	(134, 9063.0)	(135, 9681.0)	(136, 10145.0)	(137, 11463.0)	(138, 13045.0)	(139, 14751.0)	(140, 17857.0)	(141, 19480.0)	(142, 24616.0)	(143, 33473.0)	(144, 48122.0)	(145, 73799.0)	(146, 131378.0)	(147, 5261.0)	(148, 5846.0)	(149, 5949.0)	(150, 61101109.0)
WW5-6.1	(33, 2848.0)	(34, 2766.0)	(35, 2713.0)	(36, 2482.0)	(37, 2454.0)	(38, 2464.0)	(39, 2301.0)	(40, 2272.0)	(41, 2208.0)	(42, 2194.0)	(43, 2157.0)	(44, 1963.0)	(45, 2099.0)	(46, 1967.0)	(47, 1937.0)	(48, 1814.0)	(49, 1765.0)	(50, 1712.0)	(51, 1678.0)	(52, 1835.0)	(53, 1867.0)	(54, 1799.0)	(55, 1895.0)	(56, 1969.0)	(57, 2000.0)	(58, 1903.0)	(59, 1992.0)	(60, 2040.0)	(61, 2208.0)	(62, 2189.0)	(63, 2105.0)	(64, 2066.0)	(65, 2170.0)	(66, 2330.0)	(67, 2231.0)	(68, 2281.0)	(69, 2242.0)	(70, 2394.0)	(71, 2407.0)	(72, 2384.0)	(73, 2441.0)	(74, 2354.0)	(75, 2332.0)	(76, 2596.0)	(77, 2426.0)	(78, 2486.0)	(79, 2448.0)	(80, 2667.0)	(81, 2741.0)	(82, 2722.0)	(83, 2452.0)	(84, 2473.0)	(85, 2633.0)	(86, 2706.0)	(87, 2638.0)	(88, 2572.0)	(89, 2494.0)	(90, 2860.0)	(91, 2929.0)	(92, 2797.0)	(93, 2631.0)	(94, 2634.0)	(95, 2808.0)	(96, 2868.0)	(97, 2922.0)	(98, 2800.0)	(99, 2660.0)	(100, 2865.0)	(101, 2959.0)	(102, 2908.0)	(103, 2895.0)	(104, 2822.0)	(105, 3030.0)	(106, 3186.0)	(107, 3019.0)	(108, 2976.0)	(109, 2972.0)	(110, 3127.0)	(111, 3123.0)	(112, 3087.0)	(113, 3004.0)	(114, 3136.0)	(115, 3127.0)	(116, 3312.0)	(117, 3327.0)	(118, 3164.0)	(119, 3033.0)	(120, 3341.0)	(121, 3455.0)	(122, 3569.0)	(123, 3486.0)	(124, 3643.0)	(125, 3670.0)	(126, 4031.0)	(127, 3918.0)	(128, 3934.0)	(129, 4039.0)	(130, 4214.0)	(131, 4259.0)	(132, 4280.0)	(133, 4396.0)	(134, 4372.0)	(135, 4564.0)	(136, 4967.0)	(137, 5056.0)	(138, 5447.0)	(139, 6457.0)	(140, 7443.0)	(141, 7886.0)	(142, 9412.0)	(143, 12849.0)	(144, 18728.0)	(145, 30246.0)	(146, 55023.0)	(147, 3738.0)	(148, 4074.0)	(149, 5919.0)	(150, 29611890.0)
WW5-6.2	(33, 2848.0)	(34, 2760.0)	(35, 2696.0)	(36, 2474.0)	(37, 2451.0)	(38, 2482.0)	(39, 2302.0)	(40, 2254.0)	(41, 2215.0)	(42, 2179.0)	(43, 2138.0)	(44, 1973.0)	(45, 2096.0)	(46, 1941.0)	(47, 1930.0)	(48, 1776.0)	(49, 1777.0)	(50, 1693.0)	(51, 1665.0)	(52, 1824.0)	(53, 1860.0)	(54, 1794.0)	(55, 1873.0)	(56, 1960.0)	(57, 2010.0)	(58, 1890.0)	(59, 1962.0)	(60, 2040.0)	(61, 2174.0)	(62, 2183.0)	(63, 2083.0)	(64, 2053.0)	(65, 2169.0)	(66, 2338.0)	(67, 2225.0)	(68, 2287.0)	(69, 2244.0)	(70, 2396.0)	(71, 2389.0)	(72, 2374.0)	(73, 2453.0)	(74, 2317.0)	(75, 2339.0)	(76, 2572.0)	(77, 2429.0)	(78, 2489.0)	(79, 2447.0)	(80, 2662.0)	(81, 2706.0)	(82, 2765.0)	(83, 2467.0)	(84, 2482.0)	(85, 2645.0)	(86, 2698.0)	(87, 2675.0)	(88, 2595.0)	(89, 2506.0)	(90, 2874.0)	(91, 2953.0)	(92, 2836.0)	(93, 2641.0)	(94, 2694.0)	(95, 2808.0)	(96, 2969.0)	(97, 2999.0)	(98, 2894.0)	(99, 2771.0)	(100, 2972.0)	(101, 3070.0)	(102, 3057.0)	(103, 3017.0)	(104, 2971.0)	(105, 3185.0)	(106, 3339.0)	(107, 3145.0)	(108, 3126.0)	(109, 3075.0)	(110, 3256.0)	(111, 3231.0)	(112, 3232.0)	(113, 3154.0)	(114, 3291.0)	(115, 3228.0)	(116, 3485.0)	(117, 3496.0)	(118, 3311.0)	(119, 3246.0)	(120, 3508.0)	(121, 3643.0)	(122, 3783.0)	(123, 3709.0)	(124, 3887.0)	(125, 3938.0)	(126, 4284.0)	(127, 4299.0)	(128, 4367.0)	(129, 4400.0)	(130, 4565.0)	(131, 4690.0)	(132, 4871.0)	(133, 5119.0)	(134, 5224.0)	(135, 5478.0)	(136, 5957.0)	(137, 6492.0)	(138, 7100.0)	(139, 8385.0)	(140, 9969.0)	(141, 11049.0)	(142, 13845.0)	(143, 18548.0)	(144, 26761.0)	(145, 41451.0)	(146, 75215.0)	(147, 3741.0)	(148, 4076.0)	(149, 4186.0)	(150, 29542678.0)
