Sample	0	1	2	3	4	5	6	7	8	9	10	11	12	13	14	15
BH3-2.1	(1.0, 62.71457302498885)	(2.0, 22.21278014423282)	(3.0, 6.992472611685363)	(4.0, 2.3434171409868676)	(5.0, 1.0196979101835897)	(6.0, 0.6038148456410931)	(7.0, 0.40472097822857217)	(8.0, 0.31518336819164033)	(9.0, 0.22541720823706607)	('>10', 1.8851267545110229)	('>50', 0.2741418699398292)	('>100', 0.27816981934100116)	('>500', 0.08342051070273203)	('>1k', 0.26335766343449457)	('>5k', 0.19052184943019862)	('>10k+', 0.19318430026481712)
BH3-2.2	(1.0, 62.97901130212268)	(2.0, 22.052508864715957)	(3.0, 6.930521095952702)	(4.0, 2.4419158603695914)	(5.0, 0.9871830079920069)	(6.0, 0.5571199209213729)	(7.0, 0.4018762295656172)	(8.0, 0.27426372541322924)	(9.0, 0.24354285272267948)	('>10', 1.8726614086085713)	('>50', 0.2767599035385529)	('>100', 0.29402059181436596)	('>500', 0.0858249908716188)	('>1k', 0.2671519511467063)	('>5k', 0.15509583991182901)	('>10k+', 0.18054245433241997)
WW1-2.1	(1.0, 65.653455058977)	(2.0, 21.842826935730024)	(3.0, 5.910645536718164)	(4.0, 1.8303728416214797)	(5.0, 0.7807855494119889)	(6.0, 0.40235576238687004)	(7.0, 0.3206545411090083)	(8.0, 0.23274397646046394)	(9.0, 0.19786070155391622)	('>10', 2.0267728026305316)	('>50', 0.20235785805224246)	('>100', 0.17704935293635388)	('>500', 0.06337001675807495)	('>1k', 0.2626746106378343)	('>5k', 0.09607445501591697)	('>10k+', 0.0)
WW1-2.2	(1.0, 65.86981213264446)	(2.0, 21.760190832821433)	(3.0, 5.8716434874090995)	(4.0, 1.8509391569212144)	(5.0, 0.7340338724709792)	(6.0, 0.44753879353874443)	(7.0, 0.2967001746648479)	(8.0, 0.22780050383339007)	(9.0, 0.17983921207839007)	('>10', 1.9808874633344777)	('>50', 0.22253060810921008)	('>100', 0.17217554157239467)	('>500', 0.048967335398799924)	('>1k', 0.2506959372488695)	('>5k', 0.08624494795363254)	('>10k+', 0.0)
WW1-4.1	(1.0, 66.6544443259294)	(2.0, 21.324465400479323)	(3.0, 5.702314985313792)	(4.0, 1.785209973239036)	(5.0, 0.7341594260122898)	(6.0, 0.45264956292882985)	(7.0, 0.34290902219996433)	(8.0, 0.22788071964274878)	(9.0, 0.20604604813213245)	('>10', 1.891064931583963)	('>50', 0.15629641837808053)	('>100', 0.12101566145932331)	('>500', 0.0610920670919965)	('>1k', 0.20152016405905168)	('>5k', 0.10729715366657074)	('>10k+', 0.03163413988349558)
WW1-4.2	(1.0, 66.8849443906549)	(2.0, 21.276913258977512)	(3.0, 5.59866353920727)	(4.0, 1.7226138820886965)	(5.0, 0.739305739869576)	(6.0, 0.4717688800998242)	(7.0, 0.3439782872973819)	(8.0, 0.25001413821831986)	(9.0, 0.21613832306927694)	('>10', 1.8445435282831237)	('>50', 0.12850825610902938)	('>100', 0.14521504598965898)	('>500', 0.05975430598992833)	('>1k', 0.2141654900960829)	('>5k', 0.07612265052725446)	('>10k+', 0.027350283522240518)
WW2-1.1	(1.0, 64.93378458850387)	(2.0, 22.605189466992847)	(3.0, 6.470735698283221)	(4.0, 1.9421455888280414)	(5.0, 0.7735450799992211)	(6.0, 0.4448218031071643)	(7.0, 0.2998962642385462)	(8.0, 0.2259326346403519)	(9.0, 0.1789422285199613)	('>10', 1.4940383142094185)	('>50', 0.1215905830576605)	('>100', 0.183262178799864)	('>500', 0.06199481196845374)	('>1k', 0.17363711823975198)	('>5k', 0.09048364061168972)	('>10k+', 0.0)
WW2-1.2	(1.0, 65.13614167250775)	(2.0, 22.523234795574304)	(3.0, 6.498784595674856)	(4.0, 1.8804864498023457)	(5.0, 0.7016104607441209)	(6.0, 0.4308666975687701)	(7.0, 0.27586932430597677)	(8.0, 0.2440467597690863)	(9.0, 0.18198735463120785)	('>10', 1.5406202319703113)	('>50', 0.09920703267069818)	('>100', 0.1707515297214513)	('>500', 0.07203981714835553)	('>1k', 0.17441018485168627)	('>5k', 0.06994309305910545)	('>10k+', 0.0)
WW2-5.1	(1.0, 62.77184800691502)	(2.0, 23.38508501548087)	(3.0, 6.920974004399237)	(4.0, 2.203415902245756)	(5.0, 0.8469731454881413)	(6.0, 0.4334801317310624)	(7.0, 0.31270208390929055)	(8.0, 0.25486170861009705)	(9.0, 0.2059298191531446)	('>10', 1.928365155335277)	('>50', 0.19430766813426703)	('>100', 0.15342448431764102)	('>500', 0.06391682028344547)	('>1k', 0.1941209298210952)	('>5k', 0.08060824458810287)	('>10k+', 0.04998687958746523)
WW2-5.2	(1.0, 63.10676802731623)	(2.0, 23.14526920575462)	(3.0, 6.925849153604581)	(4.0, 2.1470621598635535)	(5.0, 0.8512011835966209)	(6.0, 0.4516203142997462)	(7.0, 0.3037621339036713)	(8.0, 0.23485551090044457)	(9.0, 0.19091154931238033)	('>10', 1.891247312790897)	('>50', 0.22352805845796045)	('>100', 0.17877335408703654)	('>500', 0.061525553834361424)	('>1k', 0.17916908881043228)	('>5k', 0.08284766486289807)	('>10k+', 0.02560972860452509)
WW2-6.1	(1.0, 64.78315892405296)	(2.0, 22.23034914293196)	(3.0, 6.479259744065481)	(4.0, 1.9512725795510562)	(5.0, 0.8072809845963331)	(6.0, 0.43769127961614374)	(7.0, 0.2928224408842671)	(8.0, 0.2550292823159627)	(9.0, 0.1779361562174189)	('>10', 1.805228027988675)	('>50', 0.2043404593696154)	('>100', 0.19266621180561636)	('>500', 0.08613784862008987)	('>1k', 0.1934666864679807)	('>5k', 0.07642958564314632)	('>10k+', 0.026930645873231015)
WW2-6.2	(1.0, 65.22688511124123)	(2.0, 22.022311310612803)	(3.0, 6.342763782723128)	(4.0, 1.9186648133764372)	(5.0, 0.7634086905725112)	(6.0, 0.38968763181347016)	(7.0, 0.33199324964358223)	(8.0, 0.24503329752195357)	(9.0, 0.20612133075580877)	('>10', 1.7752759207265612)	('>50', 0.2165892064696093)	('>100', 0.20031788359124778)	('>500', 0.09488707154288904)	('>1k', 0.17183217977227122)	('>5k', 0.06922225797566679)	('>10k+', 0.025006261660723176)
WW3-1.1	(1.0, 69.57146493496667)	(2.0, 20.196846144092806)	(3.0, 4.828820677234703)	(4.0, 1.502103135706539)	(5.0, 0.6075533906598547)	(6.0, 0.39695895052941477)	(7.0, 0.2590147181731842)	(8.0, 0.24733970450013437)	(9.0, 0.16715542697374483)	('>10', 1.5146362685235368)	('>50', 0.10384687824253663)	('>100', 0.18620637118425806)	('>500', 0.060974826146385615)	('>1k', 0.24446144442950674)	('>5k', 0.11261712863668569)	('>10k+', 0.0)
WW3-1.2	(1.0, 69.68746102346984)	(2.0, 20.098547239372483)	(3.0, 4.920416983757507)	(4.0, 1.4176665880366701)	(5.0, 0.6007635508558601)	(6.0, 0.35598754223466983)	(7.0, 0.2691504019831704)	(8.0, 0.22831768768123126)	(9.0, 0.21153689541423765)	('>10', 1.5314123717970223)	('>50', 0.11272053749693148)	('>100', 0.19132012383066704)	('>500', 0.04730307879488152)	('>1k', 0.2528629974421726)	('>5k', 0.07453297783264615)	('>10k+', 0.0)
WW5-1.1	(1.0, 66.43473476388239)	(2.0, 21.74997733694423)	(3.0, 6.018991434483673)	(4.0, 1.856477101450791)	(5.0, 0.7597075920386764)	(6.0, 0.4279168118117226)	(7.0, 0.3090357768608828)	(8.0, 0.26822278088471496)	(9.0, 0.20417688755930688)	('>10', 1.3247743619919938)	('>50', 0.09780285832330665)	('>100', 0.2033889633256944)	('>500', 0.08769642558671287)	('>1k', 0.20916635228224542)	('>5k', 0.04793055257356879)	('>10k+', 0.0)
WW5-1.2	(1.0, 66.62620529306939)	(2.0, 21.783783268991964)	(3.0, 5.94297572457382)	(4.0, 1.6930528064144599)	(5.0, 0.7909826893846202)	(6.0, 0.4280493987268469)	(7.0, 0.3372338874120068)	(8.0, 0.25926108793100217)	(9.0, 0.22134300529254658)	('>10', 1.310268296726581)	('>50', 0.09868097808925283)	('>100', 0.20296766120343596)	('>500', 0.06871493036613369)	('>1k', 0.19349587006696056)	('>5k', 0.04298510175087707)	('>10k+', 0.0)
WW5-3.1	(1.0, 66.94910050295292)	(2.0, 21.407254304548555)	(3.0, 5.793729320187928)	(4.0, 1.6409888510744535)	(5.0, 0.7293928342803195)	(6.0, 0.424718436301704)	(7.0, 0.3199094276878776)	(8.0, 0.2389539523343834)	(9.0, 0.17389379117988601)	('>10', 1.6838271199474213)	('>50', 0.08942921028601811)	('>100', 0.2030891732581732)	('>500', 0.06696864227984456)	('>1k', 0.17535743006411)	('>5k', 0.07617553690013962)	('>10k+', 0.027211466716231147)
WW5-3.2	(1.0, 67.7080584381918)	(2.0, 20.919796036846467)	(3.0, 5.543769678407352)	(4.0, 1.7444205936276418)	(5.0, 0.6975709910534859)	(6.0, 0.4178220507479629)	(7.0, 0.30394668073809966)	(8.0, 0.2490610072070624)	(9.0, 0.16589645039537937)	('>10', 1.6389938338360495)	('>50', 0.10139489013497893)	('>100', 0.19159327884006763)	('>500', 0.05412875753183588)	('>1k', 0.1855497811156981)	('>5k', 0.05310587388247088)	('>10k+', 0.024891657443702222)
WW5-4.1	(1.0, 79.57886108691066)	(2.0, 14.024677844930778)	(3.0, 2.817111523933468)	(4.0, 0.890114470401236)	(5.0, 0.46803652454129624)	(6.0, 0.3300867062162089)	(7.0, 0.2551141223676298)	(8.0, 0.18994639057784168)	(9.0, 0.17209995705776693)	('>10', 0.804141461172226)	('>50', 0.07651578997079099)	('>100', 0.11312601177842839)	('>500', 0.09402911756693086)	('>1k', 0.18613899257468683)	('>5k', 0.0)	('>10k+', 0.0)
WW5-4.2	(1.0, 79.636232768887)	(2.0, 13.914233050144054)	(3.0, 2.7877688175752047)	(4.0, 0.902357412896612)	(5.0, 0.5043124205013446)	(6.0, 0.33720969284196073)	(7.0, 0.24912133373830686)	(8.0, 0.20716957819846554)	(9.0, 0.18530229293802963)	('>10', 0.8246569159526509)	('>50', 0.09035639157670572)	('>100', 0.11294306032782642)	('>500', 0.08538883670161226)	('>1k', 0.16294742772018334)	('>5k', 0.0)	('>10k+', 0.0)
WW5-5.1	(1.0, 61.49560692971787)	(2.0, 24.06785273057862)	(3.0, 7.183158186899723)	(4.0, 2.4035487447373196)	(5.0, 0.878264051960661)	(6.0, 0.47557259445894107)	(7.0, 0.30063321775760693)	(8.0, 0.2447360343112146)	(9.0, 0.1867296569134353)	('>10', 2.1454890495160917)	('>50', 0.17451147281252813)	('>100', 0.153647422456709)	('>500', 0.033370127486711254)	('>1k', 0.19280981631288657)	('>5k', 0.06406996407976422)	('>10k+', 0.0)
WW5-5.2	(1.0, 61.71842232544348)	(2.0, 23.847146431003196)	(3.0, 7.231128821163225)	(4.0, 2.321252047249141)	(5.0, 0.9265385737740619)	(6.0, 0.44566121914484624)	(7.0, 0.32978654094950566)	(8.0, 0.24079105485697827)	(9.0, 0.18778576755033066)	('>10', 2.188796075685063)	('>50', 0.15029653851635863)	('>100', 0.16052210681694032)	('>500', 0.035017590225419386)	('>1k', 0.16871158309165116)	('>5k', 0.048143324529742994)	('>10k+', 0.0)
WW5-6.1	(1.0, 77.67262154611016)	(2.0, 14.86095469324674)	(3.0, 3.1073394725862666)	(4.0, 1.0056686307996303)	(5.0, 0.5378968109298231)	(6.0, 0.3116795817183179)	(7.0, 0.2729781700224959)	(8.0, 0.17963464000649731)	(9.0, 0.18502572890006574)	('>10', 1.285349970998309)	('>50', 0.11815811198832127)	('>100', 0.17512502844753156)	('>500', 0.10164189700781953)	('>1k', 0.16621706988628598)	('>5k', 0.01970864735171397)	('>10k+', 0.0)
WW5-6.2	(1.0, 77.97816841739822)	(2.0, 14.720029026227344)	(3.0, 3.040323958769621)	(4.0, 0.947869935927685)	(5.0, 0.5300323309137414)	(6.0, 0.32686025798521595)	(7.0, 0.2539154403718931)	(8.0, 0.21703827760084637)	(9.0, 0.17193155562471898)	('>10', 1.2817284287989414)	('>50', 0.11724444140696208)	('>100', 0.15549517054806467)	('>500', 0.1081520014857766)	('>1k', 0.15121075694099165)	('>5k', 0.0)	('>10k+', 0.0)
