Sample	0	1	2	3	4	5	6	7	8	9	10	11	12	13	14	15	16	17	18	19	20	21	22	23	24	25	26	27	28	29	30	31	32	33	34	35	36	37	38	39	40	41	42	43	44	45	46	47	48	49	50	51	52	53	54	55	56	57	58	59	60	61	62	63	64	65	66	67	68	69	70	71	72	73	74	75	76	77	78	79	80	81	82	83	84	85	86	87	88	89	90	91	92	93	94	95	96	97	98	99	100	101	102	103	104	105	106	107	108	109	110	111	112	113	114	115	116	117	118	119	120	121	122	123	124	125	126	127	128	129	130	131	132	133	134	135	136	137	138	139	140	141	142	143	144	145	146	147	148	149
BH3-2.1	(1, 0.0)	(2, 0.0018300650015357028)	(3, 0.0003103352122304933)	(4, 0.0005248316089192165)	(5, 2.2818765605183327e-06)	(6, 0.0021951652512186364)	(7, 0.0)	(8, 0.0)	(9, 0.0)	(10, 0.0)	(11, 0.0)	(12, 0.0)	(13, 0.00017114074203887497)	(14, 0.0)	(15, 0.0)	(16, 0.0)	(17, 3.879190152881166e-05)	(18, 0.0)	(19, 0.0)	(20, 0.0)	(21, 3.6510024968293323e-05)	(22, 4.5637531210366654e-06)	(23, 0.0)	(24, 0.0)	(25, 7.302004993658665e-05)	(26, 4.335565464984832e-05)	(27, 0.0)	(28, 2.2818765605183327e-06)	(29, 4.5637531210366654e-06)	(30, 0.0)	(31, 0.0)	(32, 0.0)	(33, 0.0)	(34, 0.0)	(35, 0.0)	(36, 0.0)	(37, 2.28276219155945e-06)	(38, 0.0)	(39, 0.0)	(40, 0.0)	(41, 0.0)	(42, 0.0)	(43, 0.0)	(44, 0.0)	(45, 0.0)	(46, 0.0)	(47, 0.0)	(48, 0.0)	(49, 0.0)	(50, 0.0)	(51, 0.0)	(52, 0.0)	(53, 0.0)	(54, 0.0)	(55, 0.0)	(56, 0.0)	(57, 0.0)	(58, 0.0)	(59, 0.0)	(60, 0.0)	(61, 0.0)	(62, 7.548062113963798e-05)	(63, 0.0)	(64, 2.287686349782759e-06)	(65, 0.0)	(66, 0.0)	(67, 0.0)	(68, 0.0)	(69, 0.0)	(70, 0.0)	(71, 0.0)	(72, 0.0)	(73, 0.0)	(74, 0.0)	(75, 0.0)	(76, 0.0)	(77, 0.0)	(78, 0.0)	(79, 0.0)	(80, 0.0)	(81, 0.0)	(82, 0.0)	(83, 0.0)	(84, 0.0)	(85, 0.0)	(86, 0.0)	(87, 0.0)	(88, 2.293388408903081e-06)	(89, 0.0011605822948721253)	(90, 0.0)	(91, 0.0)	(92, 0.0)	(93, 0.0)	(94, 0.0)	(95, 0.0)	(96, 0.0)	(97, 0.0)	(98, 0.0)	(99, 0.0)	(100, 0.0)	(101, 0.0)	(102, 0.0)	(103, 0.0)	(104, 0.0)	(105, 0.0)	(106, 0.0)	(107, 0.0)	(108, 4.600811297862643e-06)	(109, 0.0)	(110, 0.0)	(111, 0.0)	(112, 0.010930991485821263)	(113, 0.0)	(114, 0.0)	(115, 0.0)	(116, 0.0)	(117, 0.0)	(118, 0.0)	(119, 0.0)	(120, 0.0)	(121, 0.0)	(122, 0.0)	(123, 0.0)	(124, 0.0)	(125, 0.0)	(126, 0.0)	(127, 0.0)	(128, 0.0)	(129, 0.0)	(130, 0.0)	(131, 0.0)	(132, 0.0)	(133, 0.0)	(134, 0.0)	(135, 0.0)	(136, 0.0)	(137, 0.0)	(138, 0.0)	(139, 4.648868303906656e-06)	(140, 0.0)	(141, 0.0)	(142, 0.0)	(143, 0.0)	(144, 0.0)	(145, 0.0)	(146, 0.0)	(147, 0.0)	(148, 0.0)	(149, 0.0)	(150, 0.0)
BH3-2.2	(1, 0.0)	(2, 0.010524014697110552)	(3, 0.006968851015822989)	(4, 0.0)	(5, 0.0)	(6, 0.0024028160182258044)	(7, 0.0007735561540157148)	(8, 0.0)	(9, 0.0)	(10, 2.2818765605183327e-06)	(11, 0.0)	(12, 8.671130929969664e-05)	(13, 0.0)	(14, 0.0)	(15, 0.0)	(16, 0.0)	(17, 0.0)	(18, 0.0)	(19, 0.0)	(20, 0.0)	(21, 0.0)	(22, 0.0)	(23, 0.0)	(24, 0.0)	(25, 0.0)	(26, 0.0)	(27, 0.0)	(28, 0.0)	(29, 4.5637531210366654e-06)	(30, 4.5637531210366654e-06)	(31, 0.0)	(32, 0.0)	(33, 0.0)	(34, 0.0014354385823982824)	(35, 0.0)	(36, 0.0)	(37, 0.0)	(38, 0.0)	(39, 0.0)	(40, 0.0)	(41, 0.0)	(42, 0.0)	(43, 0.0)	(44, 0.0)	(45, 0.0)	(46, 0.0)	(47, 0.0)	(48, 0.0)	(49, 0.0)	(50, 0.0)	(51, 0.0)	(52, 0.0)	(53, 0.0)	(54, 0.0)	(55, 0.0)	(56, 0.0)	(57, 0.0)	(58, 0.0)	(59, 4.573378032615548e-06)	(60, 0.0)	(61, 0.0)	(62, 0.0)	(63, 0.0)	(64, 0.0)	(65, 0.0)	(66, 0.0)	(67, 0.0)	(68, 0.0)	(69, 0.0)	(70, 0.0)	(71, 0.0)	(72, 0.0)	(73, 0.0)	(74, 0.0)	(75, 0.0)	(76, 2.29023654753986e-06)	(77, 4.580963257468001e-06)	(78, 0.0)	(79, 6.872855382751608e-06)	(80, 9.164755356936978e-06)	(81, 0.0015811218632489992)	(82, 0.0)	(83, 0.0)	(84, 0.003048700887806913)	(85, 4.584977152714975e-06)	(86, 0.0)	(87, 0.0)	(88, 0.0)	(89, 0.0)	(90, 0.0)	(91, 0.0)	(92, 0.0)	(93, 0.0)	(94, 0.0)	(95, 0.0)	(96, 0.0)	(97, 0.0)	(98, 0.0)	(99, 0.0)	(100, 0.0)	(101, 0.0)	(102, 0.0)	(103, 0.0)	(104, 4.597708125258305e-06)	(105, 0.0)	(106, 2.299697233360742e-06)	(107, 6.900425797674271e-06)	(108, 4.6011565651188345e-06)	(109, 0.0005177241600650317)	(110, 2.301455504902054e-06)	(111, 0.00040744591057704035)	(112, 4.604929936681753e-06)	(113, 0.0004559902086466107)	(114, 0.0)	(115, 1.843235876153258e-05)	(116, 0.0)	(117, 0.0)	(118, 0.0)	(119, 0.0)	(120, 4.613971284995848e-06)	(121, 0.0)	(122, 0.0)	(123, 0.0)	(124, 0.00047123779338190873)	(125, 0.0)	(126, 0.0)	(127, 0.0)	(128, 2.3132685126194696e-06)	(129, 1.1570898505262074e-05)	(130, 2.3150829249970776e-06)	(131, 5.558536964351875e-05)	(132, 6.951372645848139e-06)	(133, 6.954801141486875e-06)	(134, 0.0018207926682872262)	(135, 0.00024367194404401022)	(136, 3.482799451909528e-05)	(137, 0.0006574364601019119)	(138, 3.9515042574785294e-05)	(139, 0.0)	(140, 1.861967767569074e-05)	(141, 0.0)	(142, 2.331286215365713e-06)	(143, 0.0)	(144, 0.0)	(145, 0.0)	(146, 2.3443005260118078e-05)	(147, 2.35133491043636e-06)	(148, 1.882246472458358e-05)	(149, 5.1795263869323745e-05)	(150, 0.0)
WW1-2.1	(1, 0.0)	(2, 0.0017740279549193793)	(3, 0.00031970115088653133)	(4, 0.0004847756013442827)	(5, 4.179100011588644e-06)	(6, 0.002166863356008712)	(7, 0.0)	(8, 0.0)	(9, 0.0)	(10, 0.0)	(11, 0.0)	(12, 0.0)	(13, 0.00017552220048672307)	(14, 0.0)	(15, 0.0)	(16, 0.0)	(17, 5.0149200139063725e-05)	(18, 0.0)	(19, 0.0)	(20, 0.0)	(21, 3.3432800092709155e-05)	(22, 0.0)	(23, 0.0)	(24, 0.0)	(25, 8.149245022597855e-05)	(26, 3.970145011009212e-05)	(27, 0.0)	(28, 6.268650017382966e-06)	(29, 4.179100011588644e-06)	(30, 0.0)	(31, 0.0)	(32, 0.0)	(33, 0.0)	(34, 0.0)	(35, 0.0)	(36, 0.0)	(37, 2.0904176280236038e-06)	(38, 2.0906211515584515e-06)	(39, 0.0)	(40, 0.0)	(41, 0.0)	(42, 0.0)	(43, 0.0)	(44, 0.0)	(45, 0.0)	(46, 0.0)	(47, 0.0)	(48, 0.0)	(49, 0.0)	(50, 0.0)	(51, 0.0)	(52, 0.0)	(53, 0.0)	(54, 0.0)	(55, 0.0)	(56, 0.0)	(57, 0.0)	(58, 0.0)	(59, 0.0)	(60, 0.0)	(61, 0.0)	(62, 7.749368175162865e-05)	(63, 0.0)	(64, 2.0947474375583023e-05)	(65, 0.0)	(66, 0.0)	(67, 0.0)	(68, 0.0)	(69, 0.0)	(70, 0.0)	(71, 0.0)	(72, 0.0)	(73, 0.0)	(74, 0.0)	(75, 0.0)	(76, 0.0)	(77, 0.0)	(78, 0.0)	(79, 0.0)	(80, 0.0)	(81, 0.0)	(82, 0.0)	(83, 0.0)	(84, 0.0)	(85, 2.0985929458946013e-06)	(86, 0.0)	(87, 0.0)	(88, 0.0)	(89, 0.001139970130263316)	(90, 0.0)	(91, 0.0)	(92, 0.0)	(93, 0.0)	(94, 0.0)	(95, 0.0)	(96, 0.0)	(97, 0.0)	(98, 0.0)	(99, 0.0)	(100, 0.0)	(101, 0.0)	(102, 0.0)	(103, 0.0)	(104, 0.0)	(105, 0.0)	(106, 2.103062115222441e-06)	(107, 0.0)	(108, 8.414118689221665e-06)	(109, 0.0)	(110, 0.0)	(111, 6.312686024335994e-06)	(112, 0.01081906122873137)	(113, 0.0)	(114, 0.0)	(115, 0.0)	(116, 0.0)	(117, 0.0)	(118, 0.0)	(119, 0.0)	(120, 0.0)	(121, 0.0)	(122, 0.0)	(123, 0.0)	(124, 0.0)	(125, 0.0)	(126, 0.0)	(127, 0.0)	(128, 0.0)	(129, 0.0)	(130, 0.0)	(131, 0.0)	(132, 0.0)	(133, 0.0)	(134, 0.0)	(135, 0.0)	(136, 0.0)	(137, 0.0)	(138, 0.0)	(139, 1.9012736611130535e-05)	(140, 0.0)	(141, 0.0)	(142, 0.0)	(143, 0.0)	(144, 0.0)	(145, 0.0)	(146, 0.0)	(147, 0.0)	(148, 0.0)	(149, 0.0)	(150, 0.0)
WW1-2.2	(1, 0.0)	(2, 0.01049580967910488)	(3, 0.006914320969173412)	(4, 0.0)	(5, 0.0)	(6, 0.0023131318564143144)	(7, 0.0007480589020743674)	(8, 0.0)	(9, 0.0)	(10, 0.0)	(11, 0.0)	(12, 0.00010029840027812745)	(13, 0.0)	(14, 0.0)	(15, 0.0)	(16, 0.0)	(17, 0.0)	(18, 0.0)	(19, 0.0)	(20, 0.0)	(21, 0.0)	(22, 0.0)	(23, 0.0)	(24, 0.0)	(25, 0.0)	(26, 0.0)	(27, 0.0)	(28, 4.179100011588644e-06)	(29, 2.089550005794322e-06)	(30, 4.179100011588644e-06)	(31, 0.0)	(32, 0.0)	(33, 0.0)	(34, 0.0014189580400941954)	(35, 0.0)	(36, 0.0)	(37, 0.0)	(38, 0.0)	(39, 0.0)	(40, 0.0)	(41, 0.0)	(42, 0.0)	(43, 0.0)	(44, 0.0)	(45, 0.0)	(46, 0.0)	(47, 0.0)	(48, 0.0)	(49, 0.0)	(50, 0.0)	(51, 0.0)	(52, 0.0)	(53, 0.0)	(54, 0.0)	(55, 0.0)	(56, 0.0)	(57, 0.0)	(58, 0.0)	(59, 0.0)	(60, 0.0)	(61, 0.0)	(62, 0.0)	(63, 0.0)	(64, 0.0)	(65, 0.0)	(66, 0.0)	(67, 0.0)	(68, 0.0)	(69, 0.0)	(70, 0.0)	(71, 0.0)	(72, 0.0)	(73, 0.0)	(74, 0.0)	(75, 2.096629458482543e-06)	(76, 0.0)	(77, 6.2910171698215215e-06)	(78, 4.194392122898038e-06)	(79, 4.194752720900136e-06)	(80, 1.2585334071085616e-05)	(81, 0.001638345422161863)	(82, 2.097955823176395e-06)	(83, 0.0)	(84, 0.002990136891824254)	(85, 8.39412868472083e-06)	(86, 0.0)	(87, 2.09893797516545e-06)	(88, 0.0)	(89, 0.0)	(90, 0.0)	(91, 0.0)	(92, 0.0)	(93, 0.0)	(94, 0.0)	(95, 0.0)	(96, 0.0)	(97, 0.0)	(98, 0.0)	(99, 0.0)	(100, 0.0)	(101, 0.0)	(102, 0.0)	(103, 0.0)	(104, 4.205223396290224e-06)	(105, 4.205697024572395e-06)	(106, 1.0515433533343189e-05)	(107, 2.103329998363399e-06)	(108, 0.0)	(109, 0.0006227279633509446)	(110, 6.3121708058270855e-06)	(111, 0.0004671552703963095)	(112, 2.1045503577651426e-06)	(113, 0.00048620748291838405)	(114, 0.0)	(115, 1.2631740367713752e-05)	(116, 0.0)	(117, 0.0)	(118, 0.0)	(119, 0.0)	(120, 0.0)	(121, 0.0)	(122, 0.0)	(123, 0.0)	(124, 0.00046581770651933163)	(125, 0.0)	(126, 0.0)	(127, 0.0)	(128, 2.109044163469145e-06)	(129, 8.437542075649271e-06)	(130, 8.438892806293254e-06)	(131, 5.0641818583154594e-05)	(132, 8.441742364649799e-06)	(133, 2.1108195459525837e-06)	(134, 0.001843082256761119)	(135, 0.00025972624642467293)	(136, 2.7456204028150382e-05)	(137, 0.0007330246334934926)	(138, 5.071086704722073e-05)	(139, 0.0)	(140, 1.902730996141198e-05)	(141, 2.1148712181952185e-06)	(142, 2.1156903041531193e-06)	(143, 0.0)	(144, 0.0)	(145, 0.0)	(146, 3.184261291820416e-05)	(147, 2.127987692059667e-05)	(148, 2.3411178054310614e-05)	(149, 6.811534234866852e-05)	(150, 0.0)
WW1-4.1	(1, 0.0)	(2, 0.001855016631583858)	(3, 0.00027416217201001)	(4, 0.0005328474472130033)	(5, 4.421970516290484e-06)	(6, 0.0021888754055637894)	(7, 0.0)	(8, 0.0)	(9, 0.0)	(10, 0.0)	(11, 0.0)	(12, 0.0)	(13, 0.00015034699755387646)	(14, 0.0)	(15, 0.0)	(16, 0.0)	(17, 5.0852660937340563e-05)	(18, 0.0)	(19, 0.0)	(20, 0.0)	(21, 3.7586749388469114e-05)	(22, 0.0)	(23, 0.0)	(24, 0.0)	(25, 7.075152826064775e-05)	(26, 3.316477887217863e-05)	(27, 0.0)	(28, 0.0)	(29, 0.0)	(30, 0.0)	(31, 2.210985258145242e-06)	(32, 0.0)	(33, 0.0)	(34, 0.0)	(35, 0.0)	(36, 0.0)	(37, 0.0)	(38, 0.0)	(39, 0.0)	(40, 0.0)	(41, 0.0)	(42, 0.0)	(43, 0.0)	(44, 0.0)	(45, 0.0)	(46, 0.0)	(47, 0.0)	(48, 0.0)	(49, 0.0)	(50, 0.0)	(51, 0.0)	(52, 0.0)	(53, 0.0)	(54, 0.0)	(55, 0.0)	(56, 0.0)	(57, 0.0)	(58, 0.0)	(59, 0.0)	(60, 0.0)	(61, 0.0)	(62, 7.311655088402341e-05)	(63, 0.0)	(64, 2.2159635041447493e-06)	(65, 0.0)	(66, 0.0)	(67, 0.0)	(68, 0.0)	(69, 0.0)	(70, 0.0)	(71, 0.0)	(72, 0.0)	(73, 0.0)	(74, 0.0)	(75, 0.0)	(76, 0.0)	(77, 0.0)	(78, 0.0)	(79, 0.0)	(80, 0.0)	(81, 0.0)	(82, 0.0)	(83, 0.0)	(84, 0.0)	(85, 0.0)	(86, 0.0)	(87, 0.0)	(88, 0.0)	(89, 0.0010857609249031125)	(90, 0.0)	(91, 0.0)	(92, 0.0)	(93, 0.0)	(94, 0.0)	(95, 0.0)	(96, 0.0)	(97, 0.0)	(98, 0.0)	(99, 0.0)	(100, 0.0)	(101, 0.0)	(102, 0.0)	(103, 0.0)	(104, 0.0)	(105, 0.0)	(106, 0.0)	(107, 2.224133988948723e-06)	(108, 2.2243611184434705e-06)	(109, 0.0)	(110, 0.0)	(111, 2.225039517814356e-06)	(112, 0.010828218042481597)	(113, 0.0)	(114, 0.0)	(115, 0.0)	(116, 0.0)	(117, 0.0)	(118, 0.0)	(119, 0.0)	(120, 0.0)	(121, 0.0)	(122, 0.0)	(123, 0.0)	(124, 0.0)	(125, 0.0)	(126, 0.0)	(127, 0.0)	(128, 0.0)	(129, 0.0)	(130, 0.0)	(131, 0.0)	(132, 0.0)	(133, 0.0)	(134, 0.0)	(135, 0.0)	(136, 0.0)	(137, 0.0)	(138, 0.0)	(139, 1.340213333371455e-05)	(140, 0.0)	(141, 0.0)	(142, 0.0)	(143, 0.0)	(144, 0.0)	(145, 0.0)	(146, 0.0)	(147, 0.0)	(148, 0.0)	(149, 0.0)	(150, 0.0)
WW1-4.2	(1, 0.0)	(2, 0.010318668199763844)	(3, 0.0068606872560246866)	(4, 0.0)	(5, 0.0)	(6, 0.0024630375775737995)	(7, 0.0007804777961252704)	(8, 0.0)	(9, 0.0)	(10, 0.0)	(11, 0.0)	(12, 0.00013265911548871452)	(13, 0.0)	(14, 0.0)	(15, 0.0)	(16, 0.0)	(17, 0.0)	(18, 0.0)	(19, 0.0)	(20, 0.0)	(21, 0.0)	(22, 0.0)	(23, 0.0)	(24, 0.0)	(25, 0.0)	(26, 0.0)	(27, 0.0)	(28, 0.0)	(29, 2.210985258145242e-06)	(30, 4.421970516290484e-06)	(31, 0.0)	(32, 0.0)	(33, 0.0)	(34, 0.0013178738475873146)	(35, 0.0)	(36, 0.0)	(37, 2.2117987030499e-06)	(38, 0.0)	(39, 0.0)	(40, 0.0)	(41, 0.0)	(42, 0.0)	(43, 0.0)	(44, 0.0)	(45, 0.0)	(46, 0.0)	(47, 0.0)	(48, 0.0)	(49, 0.0)	(50, 0.0)	(51, 0.0)	(52, 0.0)	(53, 0.0)	(54, 0.0)	(55, 0.0)	(56, 0.0)	(57, 0.0)	(58, 0.0)	(59, 0.0)	(60, 0.0)	(61, 0.0)	(62, 0.0)	(63, 0.0)	(64, 0.0)	(65, 0.0)	(66, 0.0)	(67, 0.0)	(68, 0.0)	(69, 0.0)	(70, 0.0)	(71, 0.0)	(72, 0.0)	(73, 0.0)	(74, 0.0)	(75, 0.0)	(76, 4.435831931739821e-06)	(77, 2.21810049858463e-06)	(78, 2.218279550738941e-06)	(79, 4.436923464778448e-06)	(80, 4.437277058720728e-06)	(81, 0.0015598379579089597)	(82, 2.2190220964894715e-06)	(83, 0.0)	(84, 0.002902961069117062)	(85, 2.2195673237606945e-06)	(86, 0.0)	(87, 0.0)	(88, 0.0)	(89, 0.0)	(90, 0.0)	(91, 0.0)	(92, 0.0)	(93, 0.0)	(94, 0.0)	(95, 0.0)	(96, 0.0)	(97, 0.0)	(98, 0.0)	(99, 0.0)	(100, 0.0)	(101, 0.0)	(102, 0.0)	(103, 0.0)	(104, 0.0)	(105, 2.223728477060206e-06)	(106, 6.6718860089594085e-06)	(107, 6.67262606314395e-06)	(108, 0.0)	(109, 0.0005183494827005643)	(110, 2.2249143191058e-06)	(111, 0.00036492630936227344)	(112, 0.0)	(113, 0.0004540340188104514)	(114, 0.0)	(115, 1.7809208656495336e-05)	(116, 0.0)	(117, 0.0)	(118, 0.0)	(119, 0.0)	(120, 2.227469943411572e-06)	(121, 0.0)	(122, 0.0)	(123, 0.0)	(124, 0.00045019654979616236)	(125, 0.0)	(126, 0.0)	(127, 0.0)	(128, 0.0)	(129, 0.0)	(130, 2.230697186113803e-06)	(131, 5.8007624611421425e-05)	(132, 1.3388655256854657e-05)	(133, 4.463695271022855e-06)	(134, 0.0017121494976615878)	(135, 0.00024113153383567728)	(136, 3.349697274458518e-05)	(137, 0.0006678447388297104)	(138, 3.1277640916998766e-05)	(139, 0.0)	(140, 3.3530668020769166e-05)	(141, 0.0)	(142, 4.474087160944726e-06)	(143, 0.0)	(144, 0.0)	(145, 0.0)	(146, 1.7955718549588228e-05)	(147, 1.1248611387045797e-05)	(148, 1.8000727994441914e-05)	(149, 5.1761073764121094e-05)	(150, 0.0)
WW2-1.1	(1, 0.0)	(2, 0.0018102689035951103)	(3, 0.0003207812842713683)	(4, 0.000506711837575155)	(5, 2.043192893448206e-06)	(6, 0.0022086915178175103)	(7, 0.0)	(8, 0.0)	(9, 0.0)	(10, 0.0)	(11, 0.0)	(12, 0.0)	(13, 0.00015732585279551185)	(14, 0.0)	(15, 0.0)	(16, 0.0)	(17, 4.086385786896412e-05)	(18, 0.0)	(19, 0.0)	(20, 0.0)	(21, 2.2475121827930262e-05)	(22, 2.043192893448206e-06)	(23, 0.0)	(24, 0.0)	(25, 5.9252593909997965e-05)	(26, 3.8820664975515906e-05)	(27, 0.0)	(28, 0.0)	(29, 2.043192893448206e-06)	(30, 0.0)	(31, 0.0)	(32, 0.0)	(33, 0.0)	(34, 0.0)	(35, 0.0)	(36, 0.0)	(37, 0.0)	(38, 0.0)	(39, 0.0)	(40, 0.0)	(41, 0.0)	(42, 0.0)	(43, 0.0)	(44, 0.0)	(45, 0.0)	(46, 0.0)	(47, 0.0)	(48, 0.0)	(49, 0.0)	(50, 0.0)	(51, 0.0)	(52, 0.0)	(53, 0.0)	(54, 0.0)	(55, 0.0)	(56, 0.0)	(57, 0.0)	(58, 0.0)	(59, 0.0)	(60, 0.0)	(61, 0.0)	(62, 7.983790693995306e-05)	(63, 0.0)	(64, 6.1422036855064765e-06)	(65, 0.0)	(66, 0.0)	(67, 0.0)	(68, 0.0)	(69, 0.0)	(70, 0.0)	(71, 0.0)	(72, 0.0)	(73, 0.0)	(74, 0.0)	(75, 0.0)	(76, 0.0)	(77, 0.0)	(78, 0.0)	(79, 0.0)	(80, 0.0)	(81, 0.0)	(82, 0.0)	(83, 0.0)	(84, 0.0)	(85, 0.0)	(86, 0.0)	(87, 0.0)	(88, 0.0)	(89, 0.0010564361092980183)	(90, 0.0)	(91, 0.0)	(92, 0.0)	(93, 0.0)	(94, 0.0)	(95, 0.0)	(96, 0.0)	(97, 0.0)	(98, 0.0)	(99, 0.0)	(100, 0.0)	(101, 0.0)	(102, 0.0)	(103, 0.0)	(104, 0.0)	(105, 0.0)	(106, 2.0545350018184687e-06)	(107, 2.0547527921778846e-06)	(108, 2.054961253911054e-06)	(109, 0.0)	(110, 0.0)	(111, 0.0)	(112, 0.010758055826682683)	(113, 0.0)	(114, 0.0)	(115, 0.0)	(116, 0.0)	(117, 0.0)	(118, 0.0)	(119, 0.0)	(120, 0.0)	(121, 0.0)	(122, 0.0)	(123, 0.0)	(124, 0.0)	(125, 0.0)	(126, 0.0)	(127, 0.0)	(128, 0.0)	(129, 0.0)	(130, 0.0)	(131, 0.0)	(132, 0.0)	(133, 0.0)	(134, 0.0)	(135, 0.0)	(136, 0.0)	(137, 0.0)	(138, 0.0)	(139, 6.189374815788732e-06)	(140, 0.0)	(141, 0.0)	(142, 0.0)	(143, 0.0)	(144, 0.0)	(145, 0.0)	(146, 0.0)	(147, 0.0)	(148, 0.0)	(149, 0.0)	(150, 0.0)
WW2-1.2	(1, 0.0)	(2, 0.010256828325109994)	(3, 0.0069713741524452776)	(4, 0.0)	(5, 0.0)	(6, 0.0024967817157937073)	(7, 0.0007723269137234217)	(8, 2.043192893448206e-06)	(9, 0.0)	(10, 0.0)	(11, 0.0)	(12, 0.00012054838071344414)	(13, 0.0)	(14, 0.0)	(15, 0.0)	(16, 0.0)	(17, 0.0)	(18, 0.0)	(19, 0.0)	(20, 0.0)	(21, 0.0)	(22, 0.0)	(23, 0.0)	(24, 0.0)	(25, 0.0)	(26, 0.0)	(27, 0.0)	(28, 0.0)	(29, 4.086385786896412e-06)	(30, 4.086385786896412e-06)	(31, 0.0)	(32, 0.0)	(33, 0.0)	(34, 0.0013588429915772373)	(35, 0.0)	(36, 0.0)	(37, 0.0)	(38, 0.0)	(39, 0.0)	(40, 0.0)	(41, 0.0)	(42, 0.0)	(43, 0.0)	(44, 0.0)	(45, 0.0)	(46, 0.0)	(47, 0.0)	(48, 0.0)	(49, 0.0)	(50, 0.0)	(51, 0.0)	(52, 0.0)	(53, 0.0)	(54, 0.0)	(55, 0.0)	(56, 0.0)	(57, 0.0)	(58, 0.0)	(59, 0.0)	(60, 0.0)	(61, 0.0)	(62, 0.0)	(63, 0.0)	(64, 0.0)	(65, 0.0)	(66, 0.0)	(67, 0.0)	(68, 0.0)	(69, 0.0)	(70, 0.0)	(71, 0.0)	(72, 0.0)	(73, 0.0)	(74, 0.0)	(75, 0.0)	(76, 4.098281629446449e-06)	(77, 4.098611779697158e-06)	(78, 0.0)	(79, 8.198465501410566e-06)	(80, 1.0248859737487756e-05)	(81, 0.0015190064295790772)	(82, 0.0)	(83, 0.0)	(84, 0.002915743681032897)	(85, 2.0506116800339545e-06)	(86, 0.0)	(87, 0.0)	(88, 4.102267897784611e-06)	(89, 0.0)	(90, 0.0)	(91, 0.0)	(92, 0.0)	(93, 0.0)	(94, 0.0)	(95, 0.0)	(96, 0.0)	(97, 0.0)	(98, 0.0)	(99, 0.0)	(100, 0.0)	(101, 0.0)	(102, 0.0)	(103, 0.0)	(104, 2.0541504037011518e-06)	(105, 4.1087124219729836e-06)	(106, 2.054573625738334e-06)	(107, 2.0548004175436642e-06)	(108, 2.0550183908733344e-06)	(109, 0.0005487463509395278)	(110, 1.0277209853451716e-05)	(111, 0.0004378568751947358)	(112, 0.0)	(113, 0.0005140313598195873)	(114, 0.0)	(115, 1.2339444799843305e-05)	(116, 0.0)	(117, 0.0)	(118, 0.0)	(119, 2.0575420438141235e-06)	(120, 0.0)	(121, 0.0)	(122, 0.0)	(123, 0.0)	(124, 0.00045088353717352556)	(125, 0.0)	(126, 2.0593609984045716e-06)	(127, 0.0)	(128, 0.0)	(129, 8.240992836908424e-06)	(130, 1.0302754476438641e-05)	(131, 5.564329335094794e-05)	(132, 6.183579595077771e-06)	(133, 4.123083951349259e-06)	(134, 0.0018309597730302677)	(135, 0.00023097175778395961)	(136, 2.475158382290935e-05)	(137, 0.000715874238927174)	(138, 3.9206317218972936e-05)	(139, 0.0)	(140, 3.096849444991933e-05)	(141, 0.0)	(142, 2.0659970783908917e-06)	(143, 0.0)	(144, 0.0)	(145, 0.0)	(146, 2.2798363110689907e-05)	(147, 8.309220322175893e-06)	(148, 2.7008841822219246e-05)	(149, 4.779196945303545e-05)	(150, 0.0)
WW2-5.1	(1, 0.0)	(2, 0.001779841491137928)	(3, 0.00035596829822758555)	(4, 0.0004887022399395666)	(5, 4.022240657938821e-06)	(6, 0.0021820655569318097)	(7, 0.0)	(8, 0.0)	(9, 0.0)	(10, 0.0)	(11, 0.0)	(12, 0.0)	(13, 0.00015686738565961399)	(14, 0.0)	(15, 0.0)	(16, 0.0)	(17, 4.625576756629643e-05)	(18, 0.0)	(19, 0.0)	(20, 0.0)	(21, 3.620016592144938e-05)	(22, 0.0)	(23, 0.0)	(24, 0.0)	(25, 4.625576756629643e-05)	(26, 3.016680493454115e-05)	(27, 0.0)	(28, 6.0333609869082305e-06)	(29, 2.0111203289694103e-06)	(30, 0.0)	(31, 0.0)	(32, 0.0)	(33, 0.0)	(34, 0.0)	(35, 0.0)	(36, 0.0)	(37, 0.0)	(38, 2.0120594392136824e-06)	(39, 0.0)	(40, 0.0)	(41, 0.0)	(42, 0.0)	(43, 0.0)	(44, 0.0)	(45, 0.0)	(46, 0.0)	(47, 0.0)	(48, 0.0)	(49, 0.0)	(50, 0.0)	(51, 0.0)	(52, 0.0)	(53, 0.0)	(54, 0.0)	(55, 0.0)	(56, 0.0)	(57, 0.0)	(58, 0.0)	(59, 0.0)	(60, 0.0)	(61, 0.0)	(62, 0.00010279144685673128)	(63, 0.0)	(64, 6.047514230758507e-06)	(65, 0.0)	(66, 0.0)	(67, 0.0)	(68, 0.0)	(69, 0.0)	(70, 0.0)	(71, 0.0)	(72, 0.0)	(73, 0.0)	(74, 0.0)	(75, 0.0)	(76, 0.0)	(77, 0.0)	(78, 0.0)	(79, 0.0)	(80, 0.0)	(81, 0.0)	(82, 0.0)	(83, 0.0)	(84, 0.0)	(85, 0.0)	(86, 0.0)	(87, 0.0)	(88, 0.0)	(89, 0.0011476060846155425)	(90, 0.0)	(91, 0.0)	(92, 0.0)	(93, 0.0)	(94, 0.0)	(95, 0.0)	(96, 0.0)	(97, 0.0)	(98, 0.0)	(99, 0.0)	(100, 0.0)	(101, 0.0)	(102, 0.0)	(103, 0.0)	(104, 0.0)	(105, 0.0)	(106, 0.0)	(107, 4.048665690357926e-06)	(108, 0.0)	(109, 0.0)	(110, 0.0)	(111, 0.0)	(112, 0.01073292358235377)	(113, 0.0)	(114, 0.0)	(115, 0.0)	(116, 0.0)	(117, 0.0)	(118, 0.0)	(119, 0.0)	(120, 0.0)	(121, 0.0)	(122, 0.0)	(123, 0.0)	(124, 0.0)	(125, 0.0)	(126, 0.0)	(127, 0.0)	(128, 0.0)	(129, 0.0)	(130, 0.0)	(131, 0.0)	(132, 0.0)	(133, 0.0)	(134, 0.0)	(135, 0.0)	(136, 0.0)	(137, 0.0)	(138, 2.032242709283555e-06)	(139, 0.0)	(140, 0.0)	(141, 0.0)	(142, 0.0)	(143, 0.0)	(144, 0.0)	(145, 0.0)	(146, 0.0)	(147, 0.0)	(148, 0.0)	(149, 0.0)	(150, 0.0)
WW2-5.2	(1, 0.0)	(2, 0.010481959154588565)	(3, 0.006944398495931372)	(4, 0.0)	(5, 0.0)	(6, 0.002330888461275546)	(7, 0.0008024370112587947)	(8, 0.0)	(9, 0.0)	(10, 0.0)	(11, 0.0)	(12, 0.00011262273842228696)	(13, 0.0)	(14, 0.0)	(15, 0.0)	(16, 0.0)	(17, 0.0)	(18, 0.0)	(19, 0.0)	(20, 0.0)	(21, 0.0)	(22, 0.0)	(23, 0.0)	(24, 0.0)	(25, 0.0)	(26, 0.0)	(27, 0.0)	(28, 2.0111203289694103e-06)	(29, 0.0)	(30, 4.022240657938821e-06)	(31, 0.0)	(32, 0.0)	(33, 0.0)	(34, 0.001401886649801253)	(35, 0.0)	(36, 0.0)	(37, 0.0)	(38, 0.0)	(39, 0.0)	(40, 0.0)	(41, 0.0)	(42, 0.0)	(43, 0.0)	(44, 0.0)	(45, 0.0)	(46, 0.0)	(47, 0.0)	(48, 0.0)	(49, 0.0)	(50, 0.0)	(51, 0.0)	(52, 0.0)	(53, 0.0)	(54, 0.0)	(55, 0.0)	(56, 0.0)	(57, 0.0)	(58, 0.0)	(59, 0.0)	(60, 0.0)	(61, 0.0)	(62, 0.0)	(63, 0.0)	(64, 0.0)	(65, 0.0)	(66, 0.0)	(67, 0.0)	(68, 0.0)	(69, 0.0)	(70, 0.0)	(71, 0.0)	(72, 0.0)	(73, 0.0)	(74, 0.0)	(75, 2.0176640434007604e-06)	(76, 0.0)	(77, 4.0360634376342934e-06)	(78, 2.0182179692359807e-06)	(79, 0.0)	(80, 6.05576450746701e-06)	(81, 0.0015746556667143572)	(82, 0.0)	(83, 0.0)	(84, 0.0028937724018724908)	(85, 2.0195635117382083e-06)	(86, 0.0)	(87, 2.0199787615393055e-06)	(88, 2.020188837959704e-06)	(89, 0.0)	(90, 0.0)	(91, 0.0)	(92, 0.0)	(93, 0.0)	(94, 0.0)	(95, 0.0)	(96, 0.0)	(97, 0.0)	(98, 0.0)	(99, 0.0)	(100, 0.0)	(101, 2.022972511707903e-06)	(102, 0.0)	(103, 0.0)	(104, 2.023681198330107e-06)	(105, 2.0239155577093615e-06)	(106, 2.0241544782879474e-06)	(107, 2.02440542200553e-06)	(108, 0.0)	(109, 0.0005507657831249575)	(110, 4.050222680230404e-06)	(111, 0.00043545123989170833)	(112, 0.0)	(113, 0.0005145649638874662)	(114, 0.0)	(115, 1.823684408252099e-05)	(116, 0.0)	(117, 0.0)	(118, 2.0270927020912606e-06)	(119, 0.0)	(120, 0.0)	(121, 0.0)	(122, 0.0)	(123, 0.0)	(124, 0.0004706539454585516)	(125, 0.0)	(126, 0.0)	(127, 0.0)	(128, 2.029810157336472e-06)	(129, 1.4210822670208707e-05)	(130, 1.2182424250041335e-05)	(131, 6.0921183117806036e-05)	(132, 1.0155087686744955e-05)	(133, 4.062689575252305e-06)	(134, 0.00168833227695744)	(135, 0.00024384454081451633)	(136, 4.064777431282601e-05)	(137, 0.0007236722692384461)	(138, 5.693031536243211e-05)	(139, 0.0)	(140, 2.4411342844372237e-05)	(141, 4.069919590598649e-06)	(142, 4.071434789091128e-06)	(143, 0.0)	(144, 0.0)	(145, 0.0)	(146, 2.451373533190004e-05)	(147, 1.6384563398286247e-05)	(148, 1.8434366016959044e-05)	(149, 4.711439779329271e-05)	(150, 0.0)
WW2-6.1	(1, 0.0)	(2, 0.0017822790865072273)	(3, 0.00026092919628765857)	(4, 0.0005240696569506363)	(5, 2.211264375319141e-06)	(6, 0.002211264375319141)	(7, 0.0)	(8, 0.0)	(9, 0.0)	(10, 0.0)	(11, 0.0)	(12, 0.0)	(13, 0.00015921103502297812)	(14, 0.0)	(15, 0.0)	(16, 0.0)	(17, 5.749287375829766e-05)	(18, 0.0)	(19, 0.0)	(20, 0.0)	(21, 2.4323908128510546e-05)	(22, 2.211264375319141e-06)	(23, 0.0)	(24, 0.0)	(25, 6.191540250893594e-05)	(26, 3.759149438042539e-05)	(27, 0.0)	(28, 4.422528750638282e-06)	(29, 2.211264375319141e-06)	(30, 2.211264375319141e-06)	(31, 0.0)	(32, 0.0)	(33, 0.0)	(34, 0.0)	(35, 0.0)	(36, 0.0)	(37, 2.2121023455695406e-06)	(38, 4.424603832587415e-06)	(39, 0.0)	(40, 0.0)	(41, 0.0)	(42, 0.0)	(43, 0.0)	(44, 0.0)	(45, 0.0)	(46, 0.0)	(47, 0.0)	(48, 0.0)	(49, 0.0)	(50, 0.0)	(51, 0.0)	(52, 0.0)	(53, 0.0)	(54, 0.0)	(55, 0.0)	(56, 0.0)	(57, 0.0)	(58, 0.0)	(59, 0.0)	(60, 0.0)	(61, 0.0)	(62, 7.313232669566607e-05)	(63, 0.0)	(64, 1.1082373531444208e-05)	(65, 0.0)	(66, 0.0)	(67, 0.0)	(68, 0.0)	(69, 0.0)	(70, 0.0)	(71, 0.0)	(72, 0.0)	(73, 0.0)	(74, 0.0)	(75, 0.0)	(76, 0.0)	(77, 0.0)	(78, 0.0)	(79, 0.0)	(80, 0.0)	(81, 0.0)	(82, 0.0)	(83, 0.0)	(84, 0.0)	(85, 2.2205589742047876e-06)	(86, 0.0)	(87, 0.0)	(88, 0.0)	(89, 0.001130714481597955)	(90, 0.0)	(91, 0.0)	(92, 0.0)	(93, 0.0)	(94, 0.0)	(95, 0.0)	(96, 0.0)	(97, 0.0)	(98, 0.0)	(99, 0.0)	(100, 0.0)	(101, 0.0)	(102, 0.0)	(103, 0.0)	(104, 0.0)	(105, 0.0)	(106, 2.225372360430209e-06)	(107, 2.225633128638145e-06)	(108, 6.677644268668072e-06)	(109, 0.0)	(110, 0.0)	(111, 2.2266171686701246e-06)	(112, 0.010793691033032614)	(113, 0.0)	(114, 0.0)	(115, 0.0)	(116, 0.0)	(117, 0.0)	(118, 0.0)	(119, 0.0)	(120, 0.0)	(121, 0.0)	(122, 0.0)	(123, 0.0)	(124, 0.0)	(125, 0.0)	(126, 0.0)	(127, 0.0)	(128, 0.0)	(129, 0.0)	(130, 0.0)	(131, 0.0)	(132, 0.0)	(133, 0.0)	(134, 0.0)	(135, 0.0)	(136, 0.0)	(137, 0.0)	(138, 0.0)	(139, 4.469926402214795e-06)	(140, 0.0)	(141, 0.0)	(142, 0.0)	(143, 0.0)	(144, 0.0)	(145, 0.0)	(146, 0.0)	(147, 0.0)	(148, 0.0)	(149, 0.0)	(150, 0.0)
WW2-6.2	(1, 0.0)	(2, 0.010614069001531876)	(3, 0.006992017954759123)	(4, 0.0)	(5, 0.0)	(6, 0.002357207824090204)	(7, 0.0007297172438553164)	(8, 0.0)	(9, 0.0)	(10, 0.0)	(11, 0.0)	(12, 0.00010171816126468047)	(13, 0.0)	(14, 0.0)	(15, 0.0)	(16, 0.0)	(17, 0.0)	(18, 0.0)	(19, 0.0)	(20, 0.0)	(21, 0.0)	(22, 0.0)	(23, 0.0)	(24, 0.0)	(25, 0.0)	(26, 0.0)	(27, 0.0)	(28, 2.211264375319141e-06)	(29, 0.0)	(30, 8.845057501276563e-06)	(31, 0.0)	(32, 0.0)	(33, 0.0)	(34, 0.0013755382678063317)	(35, 0.0)	(36, 0.0)	(37, 0.0)	(38, 0.0)	(39, 0.0)	(40, 0.0)	(41, 0.0)	(42, 0.0)	(43, 0.0)	(44, 0.0)	(45, 0.0)	(46, 0.0)	(47, 0.0)	(48, 0.0)	(49, 0.0)	(50, 0.0)	(51, 0.0)	(52, 0.0)	(53, 0.0)	(54, 0.0)	(55, 0.0)	(56, 0.0)	(57, 0.0)	(58, 0.0)	(59, 2.215629444483427e-06)	(60, 0.0)	(61, 0.0)	(62, 0.0)	(63, 0.0)	(64, 0.0)	(65, 0.0)	(66, 0.0)	(67, 0.0)	(68, 0.0)	(69, 0.0)	(70, 0.0)	(71, 0.0)	(72, 0.0)	(73, 0.0)	(74, 0.0)	(75, 2.2184987924489223e-06)	(76, 0.0)	(77, 6.656755349662605e-06)	(78, 4.438243133882534e-06)	(79, 4.438649639385239e-06)	(80, 1.33171556526465e-05)	(81, 0.0016559286942010021)	(82, 0.0)	(83, 0.0)	(84, 0.002964223948518158)	(85, 2.220591321262939e-06)	(86, 0.0)	(87, 0.0)	(88, 0.0)	(89, 0.0)	(90, 0.0)	(91, 0.0)	(92, 0.0)	(93, 0.0)	(94, 0.0)	(95, 0.0)	(96, 0.0)	(97, 0.0)	(98, 0.0)	(99, 0.0)	(100, 0.0)	(101, 0.0)	(102, 0.0)	(103, 0.0)	(104, 2.2250393692903403e-06)	(105, 8.901194691647928e-06)	(106, 0.0)	(107, 0.0)	(108, 0.0)	(109, 0.0005454563993991164)	(110, 2.226603832203402e-06)	(111, 0.00042533264297317405)	(112, 0.0)	(113, 0.0004855772097499538)	(114, 0.0)	(115, 3.119118303679096e-05)	(116, 0.0)	(117, 0.0)	(118, 0.0)	(119, 0.0)	(120, 2.229337922083614e-06)	(121, 0.0)	(122, 0.0)	(123, 0.0)	(124, 0.0005197212812838195)	(125, 0.0)	(126, 0.0)	(127, 0.0)	(128, 4.4636893932808305e-06)	(129, 1.1160920563442557e-05)	(130, 1.1162575047108299e-05)	(131, 4.0191473968272584e-05)	(132, 6.699666693815205e-06)	(133, 1.1167984943054669e-05)	(134, 0.0016263389706829168)	(135, 0.0002502500601382176)	(136, 4.2460908197259344e-05)	(137, 0.0007197448062085991)	(138, 5.142161539350324e-05)	(139, 0.0)	(140, 2.684303975413923e-05)	(141, 0.0)	(142, 4.47706754224975e-06)	(143, 0.0)	(144, 2.241033356616176e-06)	(145, 0.0)	(146, 2.021708022501341e-05)	(147, 1.3512757529511188e-05)	(148, 1.351429667309324e-05)	(149, 3.378991010757581e-05)	(150, 0.0)
WW3-1.1	(1, 0.0)	(2, 0.001747374494621833)	(3, 0.00030079999124945484)	(4, 0.0004867490767491178)	(5, 0.0)	(6, 0.0022970181149958367)	(7, 0.0)	(8, 0.0)	(9, 0.0)	(10, 0.0)	(11, 0.0)	(12, 0.0)	(13, 0.00015313454099972245)	(14, 0.0)	(15, 0.0)	(16, 0.0)	(17, 7.383272512486618e-05)	(18, 0.0)	(19, 0.0)	(20, 0.0)	(21, 3.554908987493557e-05)	(22, 2.734545374995044e-06)	(23, 0.0)	(24, 0.0)	(25, 6.2894543624886e-05)	(26, 3.554908987493557e-05)	(27, 0.0)	(28, 2.734545374995044e-06)	(29, 2.734545374995044e-06)	(30, 0.0)	(31, 0.0)	(32, 0.0)	(33, 0.0)	(34, 0.0)	(35, 0.0)	(36, 0.0)	(37, 2.735559956949946e-06)	(38, 0.0)	(39, 0.0)	(40, 0.0)	(41, 0.0)	(42, 0.0)	(43, 0.0)	(44, 0.0)	(45, 0.0)	(46, 0.0)	(47, 0.0)	(48, 0.0)	(49, 0.0)	(50, 0.0)	(51, 0.0)	(52, 0.0)	(53, 0.0)	(54, 0.0)	(55, 0.0)	(56, 0.0)	(57, 0.0)	(58, 0.0)	(59, 0.0)	(60, 0.0)	(61, 0.0)	(62, 6.028838896051636e-05)	(63, 0.0)	(64, 5.481562831934324e-06)	(65, 0.0)	(66, 0.0)	(67, 0.0)	(68, 0.0)	(69, 0.0)	(70, 0.0)	(71, 0.0)	(72, 0.0)	(73, 0.0)	(74, 0.0)	(75, 0.0)	(76, 0.0)	(77, 0.0)	(78, 0.0)	(79, 0.0)	(80, 0.0)	(81, 0.0)	(82, 0.0)	(83, 0.0)	(84, 0.0)	(85, 0.0)	(86, 0.0)	(87, 0.0)	(88, 0.0)	(89, 0.001145364844435146)	(90, 0.0)	(91, 0.0)	(92, 0.0)	(93, 0.0)	(94, 0.0)	(95, 0.0)	(96, 0.0)	(97, 0.0)	(98, 0.0)	(99, 0.0)	(100, 0.0)	(101, 0.0)	(102, 0.0)	(103, 0.0)	(104, 0.0)	(105, 0.0)	(106, 2.7513477958663915e-06)	(107, 5.503320634879579e-06)	(108, 2.7519622316300193e-06)	(109, 0.0)	(110, 0.0)	(111, 0.0)	(112, 0.010935491064668618)	(113, 0.0)	(114, 0.0)	(115, 0.0)	(116, 0.0)	(117, 0.0)	(118, 0.0)	(119, 0.0)	(120, 0.0)	(121, 0.0)	(122, 0.0)	(123, 0.0)	(124, 0.0)	(125, 0.0)	(126, 0.0)	(127, 0.0)	(128, 0.0)	(129, 0.0)	(130, 0.0)	(131, 0.0)	(132, 0.0)	(133, 0.0)	(134, 0.0)	(135, 0.0)	(136, 0.0)	(137, 0.0)	(138, 0.0)	(139, 2.7630702617821183e-06)	(140, 0.0)	(141, 0.0)	(142, 0.0)	(143, 0.0)	(144, 0.0)	(145, 0.0)	(146, 0.0)	(147, 0.0)	(148, 0.0)	(149, 0.0)	(150, 0.0)
WW3-1.2	(1, 0.0)	(2, 0.010186181521856538)	(3, 0.006943010707112416)	(4, 0.0)	(5, 0.0)	(6, 0.002381789021620683)	(7, 0.0006726981622487808)	(8, 0.0)	(9, 0.0)	(10, 0.0)	(11, 0.0)	(12, 9.023999737483645e-05)	(13, 0.0)	(14, 0.0)	(15, 0.0)	(16, 0.0)	(17, 0.0)	(18, 0.0)	(19, 0.0)	(20, 0.0)	(21, 0.0)	(22, 0.0)	(23, 0.0)	(24, 0.0)	(25, 0.0)	(26, 0.0)	(27, 0.0)	(28, 5.469090749990088e-06)	(29, 2.734545374995044e-06)	(30, 2.734545374995044e-06)	(31, 0.0)	(32, 0.0)	(33, 0.0)	(34, 0.0014193649345592089)	(35, 0.0)	(36, 0.0)	(37, 5.471117968245631e-06)	(38, 0.0)	(39, 0.0)	(40, 0.0)	(41, 0.0)	(42, 0.0)	(43, 0.0)	(44, 0.0)	(45, 0.0)	(46, 0.0)	(47, 0.0)	(48, 0.0)	(49, 0.0)	(50, 0.0)	(51, 0.0)	(52, 0.0)	(53, 0.0)	(54, 0.0)	(55, 0.0)	(56, 0.0)	(57, 0.0)	(58, 0.0)	(59, 0.0)	(60, 0.0)	(61, 0.0)	(62, 0.0)	(63, 0.0)	(64, 0.0)	(65, 0.0)	(66, 0.0)	(67, 0.0)	(68, 0.0)	(69, 0.0)	(70, 0.0)	(71, 0.0)	(72, 0.0)	(73, 0.0)	(74, 0.0)	(75, 5.486294892465191e-06)	(76, 2.743378403565558e-06)	(77, 2.743611356915825e-06)	(78, 5.487705262813613e-06)	(79, 2.744084084004975e-06)	(80, 1.0977286101474197e-05)	(81, 0.0015342111802442344)	(82, 0.0)	(83, 0.0)	(84, 0.0028606280072283295)	(85, 0.0)	(86, 0.0)	(87, 2.746086037896262e-06)	(88, 0.0)	(89, 0.0)	(90, 0.0)	(91, 0.0)	(92, 0.0)	(93, 0.0)	(94, 0.0)	(95, 0.0)	(96, 0.0)	(97, 0.0)	(98, 0.0)	(99, 0.0)	(100, 0.0)	(101, 0.0)	(102, 0.0)	(103, 0.0)	(104, 0.0)	(105, 5.502231897835879e-06)	(106, 2.7514351554556734e-06)	(107, 8.255282844427048e-06)	(108, 5.504155004050232e-06)	(109, 0.0005587333015121415)	(110, 5.505371797714472e-06)	(111, 0.0003744082800611376)	(112, 0.0)	(113, 0.00040478647059324045)	(114, 0.0)	(115, 5.508543047928098e-06)	(116, 0.0)	(117, 0.0)	(118, 2.7552894117424044e-06)	(119, 0.0)	(120, 0.0)	(121, 0.0)	(122, 0.0)	(123, 0.0)	(124, 0.0004274009565840042)	(125, 0.0)	(126, 0.0)	(127, 0.0)	(128, 0.0)	(129, 5.518803390973556e-06)	(130, 1.103927913507248e-05)	(131, 2.208199602695207e-05)	(132, 0.0)	(133, 5.522275104449002e-06)	(134, 0.0017204816575390927)	(135, 0.00022372892760068373)	(136, 3.591350403832159e-05)	(137, 0.0005470969364864943)	(138, 2.763708352711535e-05)	(139, 0.0)	(140, 1.659076483923632e-05)	(141, 0.0)	(142, 5.533989138716217e-06)	(143, 0.0)	(144, 0.0)	(145, 0.0)	(146, 4.163611154358694e-05)	(147, 2.782022912907632e-06)	(148, 2.2258635495005763e-05)	(149, 2.782670640320341e-05)	(150, 0.0)
WW5-1.1	(1, 0.0)	(2, 0.0018049105878179795)	(3, 0.0002957074385381398)	(4, 0.000449037221483842)	(5, 0.0)	(6, 0.002124712706533301)	(7, 0.0)	(8, 0.0)	(9, 0.0)	(10, 0.0)	(11, 0.0)	(12, 0.0)	(13, 0.00014675850653374348)	(14, 0.0)	(15, 0.0)	(16, 0.0)	(17, 4.5998934883710643e-05)	(18, 0.0)	(19, 0.0)	(20, 0.0)	(21, 2.628510564783465e-05)	(22, 4.380850941305775e-06)	(23, 0.0)	(24, 0.0)	(25, 8.323616788480973e-05)	(26, 3.50468075304462e-05)	(27, 0.0)	(28, 4.380850941305775e-06)	(29, 0.0)	(30, 0.0)	(31, 0.0)	(32, 0.0)	(33, 0.0)	(34, 0.0)	(35, 0.0)	(36, 0.0)	(37, 2.1911945663107737e-06)	(38, 0.0)	(39, 0.0)	(40, 0.0)	(41, 0.0)	(42, 0.0)	(43, 0.0)	(44, 0.0)	(45, 0.0)	(46, 0.0)	(47, 0.0)	(48, 0.0)	(49, 0.0)	(50, 0.0)	(51, 0.0)	(52, 0.0)	(53, 0.0)	(54, 0.0)	(55, 0.0)	(56, 0.0)	(57, 0.0)	(58, 0.0)	(59, 0.0)	(60, 0.0)	(61, 0.0)	(62, 9.657217291712862e-05)	(63, 0.0)	(64, 1.3170718279609169e-05)	(65, 0.0)	(66, 0.0)	(67, 0.0)	(68, 0.0)	(69, 0.0)	(70, 0.0)	(71, 0.0)	(72, 0.0)	(73, 0.0)	(74, 0.0)	(75, 0.0)	(76, 0.0)	(77, 0.0)	(78, 0.0)	(79, 0.0)	(80, 0.0)	(81, 0.0)	(82, 0.0)	(83, 0.0)	(84, 0.0)	(85, 0.0)	(86, 0.0)	(87, 0.0)	(88, 0.0)	(89, 0.0011261412104975452)	(90, 0.0)	(91, 0.0)	(92, 0.0)	(93, 0.0)	(94, 0.0)	(95, 0.0)	(96, 0.0)	(97, 0.0)	(98, 0.0)	(99, 0.0)	(100, 0.0)	(101, 0.0)	(102, 0.0)	(103, 0.0)	(104, 0.0)	(105, 0.0)	(106, 0.0)	(107, 0.0)	(108, 4.406732994461441e-06)	(109, 0.0)	(110, 0.0)	(111, 0.0)	(112, 0.010935265169930626)	(113, 0.0)	(114, 0.0)	(115, 0.0)	(116, 0.0)	(117, 0.0)	(118, 0.0)	(119, 0.0)	(120, 0.0)	(121, 0.0)	(122, 0.0)	(123, 0.0)	(124, 0.0)	(125, 0.0)	(126, 0.0)	(127, 0.0)	(128, 0.0)	(129, 0.0)	(130, 0.0)	(131, 0.0)	(132, 0.0)	(133, 0.0)	(134, 0.0)	(135, 0.0)	(136, 0.0)	(137, 0.0)	(138, 0.0)	(139, 4.4228416151448e-06)	(140, 0.0)	(141, 0.0)	(142, 0.0)	(143, 0.0)	(144, 0.0)	(145, 0.0)	(146, 0.0)	(147, 0.0)	(148, 0.0)	(149, 0.0)	(150, 0.0)
WW5-1.2	(1, 0.0)	(2, 0.010376045454482728)	(3, 0.006976505124029447)	(4, 0.0)	(5, 0.0)	(6, 0.002569369077075837)	(7, 0.0007929340203763454)	(8, 0.0)	(9, 0.0)	(10, 2.1904254706528876e-06)	(11, 0.0)	(12, 0.00011828297541525593)	(13, 0.0)	(14, 0.0)	(15, 0.0)	(16, 0.0)	(17, 0.0)	(18, 0.0)	(19, 0.0)	(20, 0.0)	(21, 0.0)	(22, 0.0)	(23, 0.0)	(24, 0.0)	(25, 0.0)	(26, 0.0)	(27, 0.0)	(28, 0.0)	(29, 0.0)	(30, 6.571276411958663e-06)	(31, 0.0)	(32, 0.0)	(33, 0.0)	(34, 0.0014020023572917134)	(35, 0.0)	(36, 0.0)	(37, 0.0)	(38, 0.0)	(39, 0.0)	(40, 0.0)	(41, 0.0)	(42, 0.0)	(43, 0.0)	(44, 0.0)	(45, 0.0)	(46, 0.0)	(47, 0.0)	(48, 0.0)	(49, 0.0)	(50, 0.0)	(51, 0.0)	(52, 0.0)	(53, 0.0)	(54, 0.0)	(55, 0.0)	(56, 0.0)	(57, 0.0)	(58, 0.0)	(59, 0.0)	(60, 0.0)	(61, 0.0)	(62, 0.0)	(63, 0.0)	(64, 0.0)	(65, 0.0)	(66, 0.0)	(67, 0.0)	(68, 0.0)	(69, 0.0)	(70, 0.0)	(71, 0.0)	(72, 0.0)	(73, 0.0)	(74, 0.0)	(75, 0.0)	(76, 2.197085658152059e-06)	(77, 6.591809926654909e-06)	(78, 0.0)	(79, 2.197625470074835e-06)	(80, 1.0989003018964843e-05)	(81, 0.0016331067622994643)	(82, 2.198178883533075e-06)	(83, 0.0)	(84, 0.0029878320046934684)	(85, 4.397469405870881e-06)	(86, 0.0)	(87, 0.0)	(88, 4.398601244804152e-06)	(89, 0.0)	(90, 0.0)	(91, 0.0)	(92, 0.0)	(93, 0.0)	(94, 0.0)	(95, 0.0)	(96, 0.0)	(97, 0.0)	(98, 0.0)	(99, 0.0)	(100, 0.0)	(101, 0.0)	(102, 0.0)	(103, 0.0)	(104, 0.0)	(105, 4.405570861977254e-06)	(106, 8.812059479639075e-06)	(107, 2.2032495021867912e-06)	(108, 0.0)	(109, 0.0005443152977434428)	(110, 6.61178721655461e-06)	(111, 0.00043422012544597384)	(112, 0.0)	(113, 0.0005180892744100187)	(114, 0.0)	(115, 1.3230523930070681e-05)	(116, 0.0)	(117, 0.0)	(118, 0.0)	(119, 2.2060750763086886e-06)	(120, 2.2063160562753566e-06)	(121, 0.0)	(122, 0.0)	(123, 0.0)	(124, 0.0004547142968267211)	(125, 0.0)	(126, 0.0)	(127, 0.0)	(128, 0.0)	(129, 1.104393551437218e-05)	(130, 4.418177593199081e-06)	(131, 4.6397419349023e-05)	(132, 1.1048616697721383e-05)	(133, 6.630175360182066e-06)	(134, 0.0017815839129780697)	(135, 0.00026750042496090235)	(136, 4.864448924601904e-05)	(137, 0.0006899890484142094)	(138, 4.423880478428517e-05)	(139, 0.0)	(140, 3.0982020049394635e-05)	(141, 2.2136696847986727e-06)	(142, 2.2144144429424563e-06)	(143, 0.0)	(144, 0.0)	(145, 0.0)	(146, 3.1099182846757e-05)	(147, 1.1132681795357797e-05)	(148, 1.1133780477833354e-05)	(149, 3.5631955218471316e-05)	(150, 0.0)
WW5-3.1	(1, 0.0)	(2, 0.0016626199138503883)	(3, 0.0002882431508936603)	(4, 0.0005096473102757473)	(5, 2.088718484736669e-06)	(6, 0.002136759009885612)	(7, 0.0)	(8, 0.0)	(9, 0.0)	(10, 0.0)	(11, 0.0)	(12, 0.0)	(13, 0.00014412157544683014)	(14, 0.0)	(15, 0.0)	(16, 0.0)	(17, 4.386308817947005e-05)	(18, 0.0)	(19, 0.0)	(20, 0.0)	(21, 2.0887184847366687e-05)	(22, 0.0)	(23, 0.0)	(24, 0.0)	(25, 8.563745787420342e-05)	(26, 3.7596932725260035e-05)	(27, 0.0)	(28, 2.088718484736669e-06)	(29, 2.088718484736669e-06)	(30, 0.0)	(31, 0.0)	(32, 0.0)	(33, 0.0)	(34, 0.0)	(35, 0.0)	(36, 0.0)	(37, 6.268613341356044e-06)	(38, 4.179455102705094e-06)	(39, 0.0)	(40, 0.0)	(41, 0.0)	(42, 0.0)	(43, 0.0)	(44, 0.0)	(45, 0.0)	(46, 0.0)	(47, 0.0)	(48, 0.0)	(49, 0.0)	(50, 0.0)	(51, 0.0)	(52, 0.0)	(53, 0.0)	(54, 0.0)	(55, 0.0)	(56, 0.0)	(57, 0.0)	(58, 0.0)	(59, 0.0)	(60, 0.0)	(61, 0.0)	(62, 7.326442388635407e-05)	(63, 0.0)	(64, 1.0467890635247085e-05)	(65, 0.0)	(66, 0.0)	(67, 0.0)	(68, 0.0)	(69, 0.0)	(70, 0.0)	(71, 0.0)	(72, 0.0)	(73, 0.0)	(74, 0.0)	(75, 0.0)	(76, 0.0)	(77, 0.0)	(78, 0.0)	(79, 0.0)	(80, 0.0)	(81, 0.0)	(82, 0.0)	(83, 0.0)	(84, 0.0)	(85, 0.0)	(86, 0.0)	(87, 0.0)	(88, 0.0)	(89, 0.001070015341921934)	(90, 0.0)	(91, 0.0)	(92, 0.0)	(93, 0.0)	(94, 0.0)	(95, 0.0)	(96, 0.0)	(97, 0.0)	(98, 0.0)	(99, 0.0)	(100, 0.0)	(101, 0.0)	(102, 0.0)	(103, 0.0)	(104, 0.0)	(105, 0.0)	(106, 0.0)	(107, 2.1018256331339863e-06)	(108, 6.3061504894707895e-06)	(109, 0.0)	(110, 0.0)	(111, 0.0)	(112, 0.010590384717174797)	(113, 0.0)	(114, 0.0)	(115, 0.0)	(116, 0.0)	(117, 0.0)	(118, 0.0)	(119, 0.0)	(120, 0.0)	(121, 0.0)	(122, 0.0)	(123, 0.0)	(124, 0.0)	(125, 0.0)	(126, 0.0)	(127, 0.0)	(128, 0.0)	(129, 0.0)	(130, 0.0)	(131, 0.0)	(132, 0.0)	(133, 0.0)	(134, 0.0)	(135, 0.0)	(136, 0.0)	(137, 0.0)	(138, 0.0)	(139, 1.2659189305516875e-05)	(140, 0.0)	(141, 0.0)	(142, 0.0)	(143, 0.0)	(144, 0.0)	(145, 0.0)	(146, 0.0)	(147, 0.0)	(148, 0.0)	(149, 0.0)	(150, 0.0)
WW5-3.2	(1, 0.0)	(2, 0.01036422112126335)	(3, 0.00672776223933681)	(4, 0.0)	(5, 0.0)	(6, 0.002199420564427712)	(7, 0.0007414950620815174)	(8, 2.088718484736669e-06)	(9, 0.0)	(10, 4.177436969473338e-06)	(11, 2.088718484736669e-06)	(12, 9.39923318131501e-05)	(13, 0.0)	(14, 0.0)	(15, 0.0)	(16, 0.0)	(17, 0.0)	(18, 0.0)	(19, 0.0)	(20, 0.0)	(21, 0.0)	(22, 0.0)	(23, 2.088718484736669e-06)	(24, 0.0)	(25, 0.0)	(26, 0.0)	(27, 0.0)	(28, 0.0)	(29, 2.088718484736669e-06)	(30, 6.266155454210006e-06)	(31, 0.0)	(32, 0.0)	(33, 0.0)	(34, 0.0013515389600218953)	(35, 0.0)	(36, 0.0)	(37, 0.0)	(38, 0.0)	(39, 0.0)	(40, 0.0)	(41, 0.0)	(42, 0.0)	(43, 0.0)	(44, 0.0)	(45, 0.0)	(46, 0.0)	(47, 0.0)	(48, 0.0)	(49, 0.0)	(50, 0.0)	(51, 0.0)	(52, 0.0)	(53, 0.0)	(54, 0.0)	(55, 0.0)	(56, 0.0)	(57, 0.0)	(58, 0.0)	(59, 0.0)	(60, 0.0)	(61, 0.0)	(62, 0.0)	(63, 0.0)	(64, 0.0)	(65, 0.0)	(66, 0.0)	(67, 0.0)	(68, 0.0)	(69, 0.0)	(70, 2.0945945719503287e-06)	(71, 0.0)	(72, 0.0)	(73, 2.095128645717643e-06)	(74, 0.0)	(75, 0.0)	(76, 2.0956583805242417e-06)	(77, 4.191696069842711e-06)	(78, 0.0)	(79, 1.6769777038267878e-05)	(80, 6.289215485985606e-06)	(81, 0.0015221307751025362)	(82, 0.0)	(83, 0.0)	(84, 0.0027787786041177935)	(85, 2.0973751287342637e-06)	(86, 0.0)	(87, 2.097786338237797e-06)	(88, 2.097989054413465e-06)	(89, 0.0)	(90, 0.0)	(91, 0.0)	(92, 0.0)	(93, 0.0)	(94, 0.0)	(95, 0.0)	(96, 0.0)	(97, 0.0)	(98, 0.0)	(99, 0.0)	(100, 0.0)	(101, 2.1007351228459485e-06)	(102, 0.0)	(103, 2.1012035000250987e-06)	(104, 4.202868512397002e-06)	(105, 0.0)	(106, 2.101903563739658e-06)	(107, 0.0)	(108, 0.0)	(109, 0.0005508880641501161)	(110, 4.205722760606139e-06)	(111, 0.00040589892700303187)	(112, 0.0)	(113, 0.0004922405741241625)	(114, 0.0)	(115, 1.0520396682077295e-05)	(116, 0.0)	(117, 0.0)	(118, 0.0)	(119, 0.0)	(120, 0.0)	(121, 2.1055863099831533e-06)	(122, 0.0)	(123, 0.0)	(124, 0.00044866470117825043)	(125, 0.0)	(126, 0.0)	(127, 2.107245343772739e-06)	(128, 2.1075518260693118e-06)	(129, 2.1078571534717093e-05)	(130, 4.216308783566245e-06)	(131, 5.6928541965791894e-05)	(132, 8.435142693934896e-06)	(133, 2.1091107976222558e-06)	(134, 0.0017044376447414038)	(135, 0.00024684695735490954)	(136, 3.798299653177259e-05)	(137, 0.000698595963520965)	(138, 5.2774966865764805e-05)	(139, 0.0)	(140, 2.5344915790883658e-05)	(141, 4.225568717709128e-06)	(142, 0.0)	(143, 0.0)	(144, 0.0)	(145, 0.0)	(146, 2.121680318194338e-05)	(147, 0.0)	(148, 1.4898645155520358e-05)	(149, 3.6185891265739054e-05)	(150, 0.0)
WW5-4.1	(1, 0.0)	(2, 0.0025971926721183145)	(3, 0.0002551130591985248)	(4, 0.0009106118918614009)	(5, 0.0)	(6, 0.0019877559195885055)	(7, 0.0)	(8, 0.0)	(9, 0.0)	(10, 0.0)	(11, 0.0)	(12, 0.0)	(13, 0.0001275565295992624)	(14, 0.0)	(15, 0.0)	(16, 0.0)	(17, 3.8975606266441284e-05)	(18, 0.0)	(19, 0.0)	(20, 0.0)	(21, 4.960531706637982e-05)	(22, 3.5432369333128443e-06)	(23, 0.0)	(24, 0.0)	(25, 8.149444946619541e-05)	(26, 1.4172947733251377e-05)	(27, 3.5432369333128443e-06)	(28, 1.0629710799938532e-05)	(29, 1.771618466656422e-05)	(30, 0.0)	(31, 0.0)	(32, 0.0)	(33, 0.012737936775259674)	(34, 0.0)	(35, 0.0)	(36, 0.0)	(37, 7.08869772010114e-06)	(38, 0.0)	(39, 0.0)	(40, 0.0)	(41, 0.0)	(42, 0.0)	(43, 0.0)	(44, 0.0)	(45, 0.0)	(46, 0.0)	(47, 0.0)	(48, 0.0)	(49, 0.0)	(50, 0.0)	(51, 0.0)	(52, 0.0)	(53, 0.0)	(54, 0.0)	(55, 0.0)	(56, 0.0)	(57, 0.0)	(58, 0.0)	(59, 0.0)	(60, 0.0)	(61, 0.0)	(62, 6.389152411846468e-05)	(63, 0.0)	(64, 1.419981050352883e-05)	(65, 0.0)	(66, 0.0)	(67, 0.0)	(68, 0.0)	(69, 0.0)	(70, 0.0)	(71, 0.0)	(72, 3.551760318121227e-06)	(73, 3.552007210858799e-06)	(74, 0.0)	(75, 2.4867321295347293e-05)	(76, 0.0)	(77, 0.012929237632246222)	(78, 0.0)	(79, 0.0)	(80, 0.0)	(81, 0.00013860547327425256)	(82, 0.0)	(83, 7.109085432510004e-06)	(84, 0.0)	(85, 0.0)	(86, 0.0)	(87, 0.02535168349578737)	(88, 0.0)	(89, 0.0009672792199405181)	(90, 0.0)	(91, 0.0)	(92, 0.0)	(93, 0.0)	(94, 0.0)	(95, 0.0)	(96, 0.0)	(97, 0.0)	(98, 0.0)	(99, 0.0)	(100, 0.0)	(101, 3.5596499440245043e-06)	(102, 0.0002705565868745453)	(103, 0.0)	(104, 8.18931007341396e-05)	(105, 0.012922403512928154)	(106, 0.00039885308371303017)	(107, 0.0)	(108, 7.123701763233728e-06)	(109, 0.0)	(110, 0.0)	(111, 0.0)	(112, 0.009542193831602371)	(113, 0.0)	(114, 0.0)	(115, 0.0)	(116, 0.0)	(117, 0.0)	(118, 0.0)	(119, 0.0)	(120, 0.0)	(121, 0.0)	(122, 0.0)	(123, 0.0)	(124, 0.0)	(125, 0.0)	(126, 0.0)	(127, 0.0)	(128, 0.0)	(129, 0.0)	(130, 0.0)	(131, 0.0)	(132, 0.0)	(133, 0.0)	(134, 0.0)	(135, 0.0)	(136, 0.0)	(137, 0.0)	(138, 3.5743353996923715e-06)	(139, 1.430001021020729e-05)	(140, 0.0)	(141, 0.0)	(142, 0.0)	(143, 0.0)	(144, 0.0)	(145, 0.0)	(146, 0.0)	(147, 0.0)	(148, 0.0)	(149, 0.0)	(150, 0.0)
WW5-4.2	(1, 0.0)	(2, 0.009343515793145971)	(3, 0.006122713420764595)	(4, 0.0)	(5, 0.0)	(6, 0.0021117692122544552)	(7, 0.000726363571329133)	(8, 0.0)	(9, 0.0)	(10, 0.0)	(11, 0.0)	(12, 8.149444946619541e-05)	(13, 0.0)	(14, 0.0)	(15, 0.0)	(16, 0.0)	(17, 0.0)	(18, 0.0)	(19, 0.0)	(20, 0.0)	(21, 0.0)	(22, 0.0)	(23, 0.0)	(24, 3.5432369333128443e-06)	(25, 0.0)	(26, 0.0)	(27, 0.0)	(28, 0.0)	(29, 3.5432369333128443e-06)	(30, 1.0629710799938532e-05)	(31, 0.0)	(32, 0.0)	(33, 0.0)	(34, 0.0011268425736432374)	(35, 0.0)	(36, 0.0)	(37, 0.0)	(38, 0.0)	(39, 0.0)	(40, 0.0)	(41, 0.0)	(42, 0.0)	(43, 0.0)	(44, 0.0)	(45, 0.0)	(46, 8.865988002474107e-05)	(47, 0.0)	(48, 0.0)	(49, 0.0)	(50, 0.0)	(51, 0.0)	(52, 0.0)	(53, 0.0)	(54, 0.0)	(55, 0.0)	(56, 0.0)	(57, 0.0)	(58, 0.0)	(59, 0.0)	(60, 0.0)	(61, 0.0)	(62, 0.0)	(63, 0.0)	(64, 0.0)	(65, 0.0)	(66, 0.0)	(67, 0.0)	(68, 0.0)	(69, 0.0)	(70, 0.0)	(71, 0.0)	(72, 0.0)	(73, 0.0)	(74, 3.5521882705251385e-06)	(75, 0.0)	(76, 1.0658003841144584e-05)	(77, 1.065872406972255e-05)	(78, 0.0)	(79, 1.0660219365994112e-05)	(80, 1.4214623400432872e-05)	(81, 0.0014144614898110616)	(82, 0.0)	(83, 0.0)	(84, 0.0026660595160462124)	(85, 0.0)	(86, 0.0)	(87, 0.0)	(88, 0.0)	(89, 0.0)	(90, 0.0)	(91, 0.0)	(92, 0.0)	(93, 0.0)	(94, 0.0)	(95, 0.0)	(96, 0.00011741820425508628)	(97, 0.0)	(98, 0.0)	(99, 0.0)	(100, 0.0)	(101, 0.0)	(102, 0.0)	(103, 0.0)	(104, 3.5606372971059853e-06)	(105, 0.0)	(106, 1.068385428162939e-05)	(107, 0.0)	(108, 3.5619809258771006e-06)	(109, 0.0005450353442952646)	(110, 0.0)	(111, 0.000349175534210954)	(112, 0.0)	(113, 0.0011617786374781306)	(114, 0.0)	(115, 7.128930522476823e-06)	(116, 0.0)	(117, 0.0)	(118, 0.0)	(119, 0.0)	(120, 3.566373491744987e-06)	(121, 0.0)	(122, 0.0)	(123, 0.0)	(124, 0.0003389636624888147)	(125, 0.0)	(126, 3.568908794358726e-06)	(127, 0.0)	(128, 0.0)	(129, 7.140734559509328e-06)	(130, 3.570863099750561e-06)	(131, 4.285640817585984e-05)	(132, 1.0715732720907777e-05)	(133, 0.0)	(134, 0.0015900058165628512)	(135, 0.00021441811747325402)	(136, 3.931686307048187e-05)	(137, 0.000589867407816594)	(138, 5.0059687237801216e-05)	(139, 0.0)	(140, 3.577494084881843e-05)	(141, 0.0)	(142, 3.5799134777871383e-06)	(143, 0.0)	(144, 0.0)	(145, 0.0012553280606207246)	(146, 3.950468026312415e-05)	(147, 7.199598982336684e-06)	(148, 2.5201974020221054e-05)	(149, 5.401195781536466e-05)	(150, 0.0)
WW5-5.1	(1, 0.0)	(2, 0.0018563037222273516)	(3, 0.0002836019575625121)	(4, 0.0005059716742876636)	(5, 0.0)	(6, 0.002120569182683329)	(7, 0.0)	(8, 0.0)	(9, 0.0)	(10, 0.0)	(11, 0.0)	(12, 0.0)	(13, 0.0001321327302279886)	(14, 0.0)	(15, 0.0)	(16, 0.0)	(17, 5.962086607848265e-05)	(18, 0.0)	(19, 0.0)	(20, 0.0)	(21, 4.672986800745938e-05)	(22, 4.8341242766337284e-06)	(23, 0.0)	(24, 0.0)	(25, 6.445499035511639e-05)	(26, 3.222749517755819e-05)	(27, 0.0)	(28, 4.8341242766337284e-06)	(29, 3.2227495177558194e-06)	(30, 0.0)	(31, 1.6113747588779097e-06)	(32, 0.0)	(33, 0.0)	(34, 0.0)	(35, 0.0)	(36, 0.0)	(37, 1.611892777021424e-06)	(38, 0.0)	(39, 0.0)	(40, 0.0)	(41, 0.0)	(42, 0.0)	(43, 0.0)	(44, 0.0)	(45, 0.0)	(46, 0.0)	(47, 0.0)	(48, 0.0)	(49, 0.0)	(50, 0.0)	(51, 0.0)	(52, 0.0)	(53, 0.0)	(54, 0.0)	(55, 0.0)	(56, 0.0)	(57, 0.0)	(58, 0.0)	(59, 0.0)	(60, 0.0)	(61, 0.0)	(62, 0.0001000907581020926)	(63, 0.0)	(64, 9.687464474251374e-06)	(65, 0.0)	(66, 0.0)	(67, 0.0)	(68, 0.0)	(69, 0.0)	(70, 0.0)	(71, 0.0)	(72, 0.0)	(73, 0.0)	(74, 0.0)	(75, 0.0)	(76, 0.0)	(77, 0.0)	(78, 0.0)	(79, 0.0)	(80, 0.0)	(81, 0.0)	(82, 0.0)	(83, 0.0)	(84, 0.0)	(85, 0.0)	(86, 0.0)	(87, 0.0)	(88, 0.0)	(89, 0.0011468605573819951)	(90, 0.0)	(91, 0.0)	(92, 0.0)	(93, 0.0)	(94, 0.0)	(95, 0.0)	(96, 0.0)	(97, 0.0)	(98, 0.0)	(99, 0.0)	(100, 0.0)	(101, 0.0)	(102, 0.0)	(103, 0.0)	(104, 0.0)	(105, 1.6198133757936092e-06)	(106, 0.0)	(107, 3.2402238800287666e-06)	(108, 4.86078540473354e-06)	(109, 0.0)	(110, 0.0)	(111, 0.0)	(112, 0.010830687646388325)	(113, 0.0)	(114, 0.0)	(115, 0.0)	(116, 0.0)	(117, 0.0)	(118, 0.0)	(119, 0.0)	(120, 0.0)	(121, 0.0)	(122, 0.0)	(123, 0.0)	(124, 0.0)	(125, 0.0)	(126, 0.0)	(127, 0.0)	(128, 0.0)	(129, 0.0)	(130, 0.0)	(131, 0.0)	(132, 0.0)	(133, 0.0)	(134, 0.0)	(135, 0.0)	(136, 0.0)	(137, 0.0)	(138, 1.6256030133738034e-06)	(139, 1.3006958609044952e-05)	(140, 0.0)	(141, 0.0)	(142, 0.0)	(143, 0.0)	(144, 0.0)	(145, 0.0)	(146, 0.0)	(147, 0.0)	(148, 0.0)	(149, 0.0)	(150, 0.0)
WW5-5.2	(1, 0.0)	(2, 0.010388533070485883)	(3, 0.006969195832146959)	(4, 0.0)	(5, 0.0)	(6, 0.002318768278025312)	(7, 0.000731564140530571)	(8, 1.6113747588779097e-06)	(9, 0.0)	(10, 0.0)	(11, 0.0)	(12, 8.218011270277339e-05)	(13, 0.0)	(14, 0.0)	(15, 0.0)	(16, 0.0)	(17, 0.0)	(18, 0.0)	(19, 0.0)	(20, 0.0)	(21, 0.0)	(22, 0.0)	(23, 0.0)	(24, 0.0)	(25, 0.0)	(26, 0.0)	(27, 0.0)	(28, 0.0)	(29, 3.2227495177558194e-06)	(30, 4.8341242766337284e-06)	(31, 0.0)	(32, 0.0)	(33, 0.0)	(34, 0.0014068471395316795)	(35, 0.0)	(36, 0.0)	(37, 0.0)	(38, 0.0)	(39, 0.0)	(40, 0.0)	(41, 0.0)	(42, 0.0)	(43, 0.0)	(44, 0.0)	(45, 0.0)	(46, 0.0)	(47, 0.0)	(48, 0.0)	(49, 0.0)	(50, 0.0)	(51, 0.0)	(52, 0.0)	(53, 0.0)	(54, 0.0)	(55, 0.0)	(56, 0.0)	(57, 0.0)	(58, 0.0)	(59, 1.614046256919396e-06)	(60, 0.0)	(61, 0.0)	(62, 0.0)	(63, 0.0)	(64, 0.0)	(65, 0.0)	(66, 0.0)	(67, 0.0)	(68, 0.0)	(69, 0.0)	(70, 0.0)	(71, 0.0)	(72, 0.0)	(73, 0.0)	(74, 0.0)	(75, 0.0)	(76, 3.231780972120363e-06)	(77, 4.848042706989971e-06)	(78, 1.6161359147031906e-06)	(79, 6.465024283277711e-06)	(80, 8.081877696912485e-06)	(81, 0.001629433755120128)	(82, 0.0)	(83, 0.0)	(84, 0.0029831492328730694)	(85, 3.2340145892866154e-06)	(86, 0.0)	(87, 0.0)	(88, 0.0)	(89, 0.0)	(90, 0.0)	(91, 0.0)	(92, 0.0)	(93, 0.0)	(94, 0.0)	(95, 0.0)	(96, 0.0)	(97, 0.0)	(98, 0.0)	(99, 0.0)	(100, 0.0)	(101, 0.0)	(102, 0.0)	(103, 0.0)	(104, 1.6196700767686365e-06)	(105, 3.2396398706172065e-06)	(106, 6.4798962918518074e-06)	(107, 3.240263251947641e-06)	(108, 1.6202881857529488e-06)	(109, 0.0005768791908510979)	(110, 4.861812697693459e-06)	(111, 0.00046029762033747884)	(112, 1.6209286789922407e-06)	(113, 0.00045066377749036887)	(114, 0.0)	(115, 2.107833793478855e-05)	(116, 0.0)	(117, 0.0)	(118, 0.0)	(119, 0.0)	(120, 1.6222520550770145e-06)	(121, 0.0)	(122, 0.0)	(123, 0.0)	(124, 0.000499876515893793)	(125, 0.0)	(126, 0.0)	(127, 1.6235496262945943e-06)	(128, 0.0)	(129, 4.871903053026767e-06)	(130, 4.87254502300629e-06)	(131, 6.822465905904322e-05)	(132, 6.498492820806303e-06)	(133, 9.749117826700656e-06)	(134, 0.001764848182916536)	(135, 0.00026980474506905415)	(136, 4.389081045747002e-05)	(137, 0.0006763551397113157)	(138, 4.065391926710545e-05)	(139, 1.6265018040100782e-06)	(140, 3.904541127751868e-05)	(141, 1.6273649090621165e-06)	(142, 3.255761929441355e-06)	(143, 0.0)	(144, 0.0)	(145, 0.0)	(146, 3.102063961522129e-05)	(147, 4.9085243315142065e-06)	(148, 2.4544734447572645e-05)	(149, 4.091180432872419e-05)	(150, 0.0)
WW5-6.1	(1, 0.0)	(2, 0.0025938983728575273)	(3, 0.0002427622836135891)	(4, 0.0008347031943426145)	(5, 0.0)	(6, 0.0018689370327511928)	(7, 0.0)	(8, 0.0)	(9, 0.0)	(10, 0.0)	(11, 0.0)	(12, 0.0)	(13, 0.0001330204293773091)	(14, 0.0)	(15, 0.0)	(16, 0.0)	(17, 3.3255107344327274e-05)	(18, 0.0)	(19, 0.0)	(20, 0.0)	(21, 2.9929596609894542e-05)	(22, 6.651021468865454e-06)	(23, 0.0)	(24, 0.0)	(25, 2.9929596609894542e-05)	(26, 2.6604085875461816e-05)	(27, 0.0)	(28, 3.325510734432727e-06)	(29, 3.325510734432727e-06)	(30, 0.0)	(31, 0.0)	(32, 0.0)	(33, 0.0131690225083536)	(34, 0.0)	(35, 0.0)	(36, 0.0)	(37, 0.0)	(38, 0.0)	(39, 0.0)	(40, 0.0)	(41, 0.0)	(42, 0.0)	(43, 0.0)	(44, 0.0)	(45, 0.0)	(46, 0.0)	(47, 0.0)	(48, 0.0)	(49, 0.0)	(50, 0.0)	(51, 0.0)	(52, 0.0)	(53, 0.0)	(54, 0.0)	(55, 0.0)	(56, 0.0)	(57, 0.0)	(58, 0.0)	(59, 0.0)	(60, 0.0)	(61, 0.0)	(62, 5.664916773875217e-05)	(63, 0.0)	(64, 6.665561738715779e-06)	(65, 0.0)	(66, 0.0)	(67, 0.0)	(68, 0.0)	(69, 0.0)	(70, 0.0)	(71, 0.0)	(72, 6.6695897255237064e-06)	(73, 1.3340240020266492e-05)	(74, 0.0)	(75, 6.6711868404968935e-06)	(76, 0.0)	(77, 0.013644819997634677)	(78, 0.0)	(79, 0.0)	(80, 0.0)	(81, 7.675693794281662e-05)	(82, 1.3350253890122136e-05)	(83, 1.3351466850560871e-05)	(84, 0.0)	(85, 0.0)	(86, 0.0)	(87, 0.02646833744749531)	(88, 0.0)	(89, 0.0010686693173450608)	(90, 0.0)	(91, 3.3401888482651412e-06)	(92, 0.0)	(93, 0.0)	(94, 0.0)	(95, 0.0)	(96, 0.0)	(97, 0.0)	(98, 0.0)	(99, 0.0)	(100, 0.0)	(101, 6.68661216208495e-06)	(102, 0.00022402366973908999)	(103, 0.0)	(104, 6.688571515427308e-05)	(105, 0.013796480803710393)	(106, 0.00033114909840978524)	(107, 0.0)	(108, 0.0)	(109, 0.0)	(110, 0.0)	(111, 3.346650884307316e-06)	(112, 0.009197557921185899)	(113, 0.0)	(114, 0.0)	(115, 0.0)	(116, 0.0)	(117, 0.0)	(118, 0.0)	(119, 0.0)	(120, 0.0)	(121, 0.0)	(122, 0.0)	(123, 0.0)	(124, 0.0)	(125, 0.0)	(126, 0.0)	(127, 0.0)	(128, 0.0)	(129, 0.0)	(130, 0.0)	(131, 0.0)	(132, 0.0)	(133, 0.0)	(134, 0.0)	(135, 0.0)	(136, 0.0)	(137, 0.0)	(138, 0.0)	(139, 6.717345681158164e-06)	(140, 0.0)	(141, 0.0)	(142, 0.0)	(143, 0.0)	(144, 0.0)	(145, 0.0)	(146, 0.0)	(147, 0.0)	(148, 0.0)	(149, 0.0)	(150, 0.0)
WW5-6.2	(1, 0.0)	(2, 0.00904871470839145)	(3, 0.005999221364916639)	(4, 0.0)	(5, 0.0)	(6, 0.0018689370327511928)	(7, 0.0005952664214634582)	(8, 0.0)	(9, 0.0)	(10, 0.0)	(11, 3.325510734432727e-06)	(12, 5.9859193219789084e-05)	(13, 0.0)	(14, 0.0)	(15, 0.0)	(16, 0.0)	(17, 0.0)	(18, 0.0)	(19, 0.0)	(20, 0.0)	(21, 0.0)	(22, 0.0)	(23, 0.0)	(24, 0.0)	(25, 0.0)	(26, 0.0)	(27, 0.0)	(28, 0.0)	(29, 0.0)	(30, 0.0)	(31, 0.0)	(32, 0.0)	(33, 0.0)	(34, 0.0012771170784776139)	(35, 0.0)	(36, 0.0)	(37, 0.0)	(38, 0.0)	(39, 0.0)	(40, 0.0)	(41, 0.0)	(42, 0.0)	(43, 0.0)	(44, 0.0)	(45, 0.0)	(46, 4.327606323378518e-05)	(47, 0.0)	(48, 0.0)	(49, 0.0)	(50, 0.0)	(51, 0.0)	(52, 0.0)	(53, 0.0)	(54, 0.0)	(55, 0.0)	(56, 0.0)	(57, 0.0)	(58, 0.0)	(59, 0.0)	(60, 0.0)	(61, 0.0)	(62, 0.0)	(63, 0.0)	(64, 0.0)	(65, 0.0)	(66, 0.0)	(67, 0.0)	(68, 0.0)	(69, 0.0)	(70, 0.0)	(71, 0.0)	(72, 0.0)	(73, 0.0)	(74, 0.0)	(75, 0.0)	(76, 0.0)	(77, 3.33610118528339e-06)	(78, 3.3363715444741166e-06)	(79, 0.0)	(80, 6.673842159294935e-06)	(81, 0.0014617012741129402)	(82, 0.0)	(83, 0.0)	(84, 0.002543633580569844)	(85, 3.338378402053797e-06)	(86, 0.0)	(87, 0.0)	(88, 0.0)	(89, 0.0)	(90, 0.0)	(91, 0.0)	(92, 0.0)	(93, 0.0)	(94, 0.0)	(95, 0.0)	(96, 6.349261938400263e-05)	(97, 0.0)	(98, 0.0)	(99, 0.0)	(100, 0.0)	(101, 0.0)	(102, 3.343691756024321e-06)	(103, 3.344033571956881e-06)	(104, 3.344370983849397e-06)	(105, 3.3447033177918348e-06)	(106, 1.0035178988957724e-05)	(107, 0.0)	(108, 0.0)	(109, 0.0004349975906152683)	(110, 0.0)	(111, 0.00036480603095991645)	(112, 0.0)	(113, 0.0009875326844027313)	(114, 0.0)	(115, 6.6965816361516835e-06)	(116, 0.0)	(117, 0.0)	(118, 0.0)	(119, 0.0)	(120, 0.0)	(121, 0.0)	(122, 0.0)	(123, 0.0)	(124, 0.00044243968616948623)	(125, 0.0)	(126, 0.0)	(127, 0.0)	(128, 0.0)	(129, 1.341660573291563e-05)	(130, 6.709293041792187e-06)	(131, 5.703772559049564e-05)	(132, 1.3422753479890785e-05)	(133, 1.3424947862536856e-05)	(134, 0.001413218561635547)	(135, 0.00019137193905199916)	(136, 4.70122805815137e-05)	(137, 0.00055754285623697)	(138, 4.367251739543557e-05)	(139, 0.0)	(140, 2.6889383362241105e-05)	(141, 6.7245990878081335e-06)	(142, 0.0)	(143, 6.730232365310552e-06)	(144, 0.0)	(145, 0.0012503645351860837)	(146, 3.0374726931204888e-05)	(147, 0.0)	(148, 6.7679742167254235e-06)	(149, 2.707563144433873e-05)	(150, 0.0)
