Sample	0	1	2	3	4	5	6	7	8	9	10	11	12	13	14	15	16	17	18	19	20	21	22	23	24	25	26	27	28	29	30	31	32	33	34	35	36	37	38	39	40	41	42	43	44	45	46	47	48	49	50	51	52	53	54	55	56	57	58	59	60	61	62	63	64	65	66	67	68	69	70	71	72	73	74	75	76	77	78	79	80	81	82	83	84	85	86	87	88	89	90	91	92	93	94	95	96	97	98	99	100
BH3-2.1	(0.0, 0.00018183553884688992)	(1.0, 0.00014433195895971888)	(2.0, 0.0001613790407266148)	(3.0, 0.00024775092167888754)	(4.0, 0.000347760468044677)	(5.0, 0.00045686179135281095)	(6.0, 0.0006977938803249402)	(7.0, 0.0013512653480559507)	(8.0, 0.0023593161165383967)	(9.0, 0.003683306133767314)	(10.0, 0.005103896281008642)	(11.0, 0.006704049022861273)	(12.0, 0.009247473622482147)	(13.0, 0.014060433041335764)	(14.0, 0.023090840489319434)	(15.0, 0.03892644297864796)	(16.0, 0.07088517540310665)	(17.0, 0.12622113929056863)	(18.0, 0.16904113574477564)	(19.0, 0.2015953795589579)	(20.0, 0.2700212292991604)	(21.0, 0.37156842244032384)	(22.0, 0.5056925888380254)	(23.0, 0.6925104214493202)	(24.0, 0.9428331795307734)	(25.0, 1.263839957450484)	(26.0, 1.6291873315180085)	(27.0, 2.006643816000618)	(28.0, 2.4429695561849085)	(29.0, 2.9405761459048363)	(30.0, 3.449650875765414)	(31.0, 3.948191645566167)	(32.0, 4.424047295423654)	(33.0, 4.887971124516431)	(34.0, 5.2687438346387605)	(35.0, 5.485197450665746)	(36.0, 5.570274889875852)	(37.0, 5.568166734097345)	(38.0, 5.481065238045449)	(39.0, 5.306740643425054)	(40.0, 5.088875529027771)	(41.0, 4.770738343205488)	(42.0, 4.352143841003005)	(43.0, 3.9078662054105164)	(44.0, 3.4354404284045295)	(45.0, 2.9677503307133866)	(46.0, 2.5139456493574386)	(47.0, 2.089353983789362)	(48.0, 1.7113894962700986)	(49.0, 1.3793157528673192)	(50.0, 1.0991140063369684)	(51.0, 0.8672509648648279)	(52.0, 0.6789057137272194)	(53.0, 0.528964128394074)	(54.0, 0.4009041772169162)	(55.0, 0.2957339109642284)	(56.0, 0.21722073470649472)	(57.0, 0.1557830520186018)	(58.0, 0.1105230499274931)	(59.0, 0.07959850713022606)	(60.0, 0.05752367271421364)	(61.0, 0.042272216893430734)	(62.0, 0.031029098232103973)	(63.0, 0.022615795144081935)	(64.0, 0.016479982180117193)	(65.0, 0.011710208701739711)	(66.0, 0.00832465826283418)	(67.0, 0.006167634183262947)	(68.0, 0.004590210883766178)	(69.0, 0.003554884784456698)	(70.0, 0.002787766104946381)	(71.0, 0.0023672714213629482)	(72.0, 0.0020308756744962016)	(73.0, 0.0016126539351483552)	(74.0, 0.0014012701212388454)	(75.0, 0.0012182981102741625)	(76.0, 0.000915996526941208)	(77.0, 0.0007080221293850776)	(78.0, 0.0005125489251246709)	(79.0, 0.0003534428286336423)	(80.0, 0.000256842698621232)	(81.0, 0.00015115079166647726)	(82.0, 9.319071365903109e-05)	(83.0, 5.114124530068779e-05)	(84.0, 2.045649812027512e-05)	(85.0, 1.3637665413516744e-05)	(86.0, 7.955304824551433e-06)	(87.0, 2.2729442355861243e-06)	(88.0, 4.5458884711722486e-06)	(89.0, 2.2729442355861243e-06)	(90.0, 1.1364721177930621e-06)	(91.0, 1.1364721177930621e-06)	(92.0, 0.0)	(93.0, 0.0)	(94.0, 0.0)	(95.0, 0.0)	(96.0, 0.0)	(97.0, 0.0)	(98.0, 0.0)	(99.0, 0.0)	(100.0, 0.0)
BH3-2.2	(0.0, 0.0007773486247657271)	(1.0, 0.0006068774351241202)	(2.0, 0.00047163695800844557)	(3.0, 0.0005671008242077454)	(4.0, 0.0007523461836182915)	(5.0, 0.0009887328999213197)	(6.0, 0.0012762609731168297)	(7.0, 0.001938825663523875)	(8.0, 0.0029707445981544014)	(9.0, 0.004309511674139821)	(10.0, 0.005742606141726929)	(11.0, 0.0073177599340153755)	(12.0, 0.0099407433053009)	(13.0, 0.014734393158022885)	(14.0, 0.023500021729394305)	(15.0, 0.039581137285585884)	(16.0, 0.07174336839796903)	(17.0, 0.12687147817886946)	(18.0, 0.16882898384805936)	(19.0, 0.20143898595190113)	(20.0, 0.26995135706886286)	(21.0, 0.3701850071543349)	(22.0, 0.5055800448152847)	(23.0, 0.6926335353106294)	(24.0, 0.9420203845357266)	(25.0, 1.262130047970138)	(26.0, 1.6243324575508553)	(27.0, 2.004335468753949)	(28.0, 2.441215624143666)	(29.0, 2.9341364784161654)	(30.0, 3.4407359409455065)	(31.0, 3.9436134491676733)	(32.0, 4.425222971770153)	(33.0, 4.890308153723373)	(34.0, 5.273780821872972)	(35.0, 5.487177793540933)	(36.0, 5.570526840529703)	(37.0, 5.563157939238795)	(38.0, 5.473341215315022)	(39.0, 5.30510319825772)	(40.0, 5.088686613583908)	(41.0, 4.777723297711067)	(42.0, 4.363293061522552)	(43.0, 3.9141867124117393)	(44.0, 3.436473024729869)	(45.0, 2.9654793113436715)	(46.0, 2.5122043734088217)	(47.0, 2.0881788821926794)	(48.0, 1.7092702960270847)	(49.0, 1.3804188699878515)	(50.0, 1.1034702388214996)	(51.0, 0.8712180171045792)	(52.0, 0.6802902847059795)	(53.0, 0.5274549078700957)	(54.0, 0.39985381299956013)	(55.0, 0.2953322442573029)	(56.0, 0.21723939228248285)	(57.0, 0.15630617025698693)	(58.0, 0.11037213997075715)	(59.0, 0.07924637369139495)	(60.0, 0.05715558046303793)	(61.0, 0.041747257868631905)	(62.0, 0.03109962736361714)	(63.0, 0.022961332770126828)	(64.0, 0.016542524242821526)	(65.0, 0.011739782593318657)	(66.0, 0.00842468619208821)	(67.0, 0.006176739438014221)	(68.0, 0.004537943068259573)	(69.0, 0.003592396203047461)	(70.0, 0.0029707445981544014)	(71.0, 0.0024366015372773667)	(72.0, 0.002150209938679467)	(73.0, 0.0018217687799699717)	(74.0, 0.001492191146662865)	(75.0, 0.001216027819443462)	(76.0, 0.000868266592574584)	(77.0, 0.0006705200125903201)	(78.0, 0.0005341430608770347)	(79.0, 0.00038299193939481)	(80.0, 0.00027275390342657095)	(81.0, 0.0001681982404463854)	(82.0, 0.00011023803596823907)	(83.0, 7.046142505186416e-05)	(84.0, 4.204956011159635e-05)	(85.0, 2.045654275699282e-05)	(86.0, 1.7047118964160684e-05)	(87.0, 1.591064436654997e-05)	(88.0, 1.1364745976107122e-05)	(89.0, 5.682372988053561e-06)	(90.0, 2.2729491952214247e-06)	(91.0, 5.682372988053561e-06)	(92.0, 1.022827137849641e-05)	(93.0, 1.1364745976107122e-05)	(94.0, 2.045654275699282e-05)	(95.0, 2.5002441147435668e-05)	(96.0, 2.2729491952214245e-05)	(97.0, 3.068481413548923e-05)	(98.0, 2.9548339537878518e-05)	(99.0, 1.8183593561771398e-05)	(100.0, 2.2729491952214245e-05)
WW1-2.1	(0.0, 4.579640902446551e-05)	(1.0, 5.9327166236239404e-05)	(2.0, 9.887861039373233e-05)	(3.0, 0.00015820577662997175)	(4.0, 0.0002591660419793616)	(5.0, 0.0003684529271513815)	(6.0, 0.00048814808710168913)	(7.0, 0.0008888666660657622)	(8.0, 0.0016205683829793815)	(9.0, 0.002698865650009978)	(10.0, 0.0036470594823119805)	(11.0, 0.004944971347164446)	(12.0, 0.007545999214258521)	(13.0, 0.011602103895357204)	(14.0, 0.019173082969083613)	(15.0, 0.03229479498207081)	(16.0, 0.06205309340067293)	(17.0, 0.10512461608818274)	(18.0, 0.13929498218530098)	(19.0, 0.17452386982737106)	(20.0, 0.2365270035091082)	(21.0, 0.3243478627783878)	(22.0, 0.4452774441174002)	(23.0, 0.6146221564150953)	(24.0, 0.8371385812451507)	(25.0, 1.112953699559861)	(26.0, 1.437976018543882)	(27.0, 1.8098772071293103)	(28.0, 2.233056843064928)	(29.0, 2.7033224732700414)	(30.0, 3.1957327488934393)	(31.0, 3.683363544738647)	(32.0, 4.151698439972388)	(33.0, 4.6031032354517665)	(34.0, 4.986082991711204)	(35.0, 5.238888536973554)	(36.0, 5.378341724935485)	(37.0, 5.42761866104581)	(38.0, 5.391553988939044)	(39.0, 5.266851407992902)	(40.0, 5.074497122642846)	(41.0, 4.784819223150935)	(42.0, 4.407757611930431)	(43.0, 3.986797020177544)	(44.0, 3.535363081528787)	(45.0, 3.0836668543556165)	(46.0, 2.6370831717535412)	(47.0, 2.2176328206709837)	(48.0, 1.832416326161692)	(49.0, 1.4908198704207258)	(50.0, 1.206066125726422)	(51.0, 0.9671191983313621)	(52.0, 0.7701956803536382)	(53.0, 0.6147574639872131)	(54.0, 0.48260672160972873)	(55.0, 0.374874832689585)	(56.0, 0.2942283972249791)	(57.0, 0.2319171786098046)	(58.0, 0.18987815678030096)	(59.0, 0.1651845248688136)	(60.0, 0.14934313065625984)	(61.0, 0.14088328491646765)	(62.0, 0.13719563316252037)	(63.0, 0.13557090146962966)	(64.0, 0.1353117354276503)	(65.0, 0.13682197609797983)	(66.0, 0.13709675455212664)	(67.0, 0.13466121825400731)	(68.0, 0.13052705151207147)	(69.0, 0.12388032723865702)	(70.0, 0.11517796869653074)	(71.0, 0.10479259212275535)	(72.0, 0.09207680282612138)	(73.0, 0.07867614904907608)	(74.0, 0.06561584585728078)	(75.0, 0.05294793462462692)	(76.0, 0.0410231742111428)	(77.0, 0.03051497999498363)	(78.0, 0.022154012865585188)	(79.0, 0.015511451902082031)	(80.0, 0.010406193123331957)	(81.0, 0.006803889222566614)	(82.0, 0.004259066039275292)	(83.0, 0.0025198433238234315)	(84.0, 0.0014675667437385536)	(85.0, 0.0008253761899182077)	(86.0, 0.0004621274001559701)	(87.0, 0.000274778454146793)	(88.0, 0.00013114426220642395)	(89.0, 7.702123335932834e-05)	(90.0, 4.267392659097922e-05)	(91.0, 1.7694067123088944e-05)	(92.0, 1.2489929733945138e-05)	(93.0, 5.204137389143807e-06)	(94.0, 2.0816549556575225e-06)	(95.0, 2.0816549556575225e-06)	(96.0, 1.0408274778287613e-06)	(97.0, 0.0)	(98.0, 0.0)	(99.0, 0.0)	(100.0, 0.0)
WW1-2.2	(0.0, 0.0007556490700770212)	(1.0, 0.0006203400079420174)	(2.0, 0.0004777450732305134)	(3.0, 0.0005068885635365143)	(4.0, 0.0006224216858210174)	(5.0, 0.0007972826276570223)	(6.0, 0.0009846336367670275)	(7.0, 0.0014821546498480418)	(8.0, 0.0022679880491705637)	(9.0, 0.003231804907147591)	(10.0, 0.0042206018996726186)	(11.0, 0.005529977285563656)	(12.0, 0.008006133122634226)	(13.0, 0.01213722287350984)	(14.0, 0.019626059043212553)	(15.0, 0.03306745310791593)	(16.0, 0.06375450756119529)	(17.0, 0.10629255417962198)	(18.0, 0.14044664314037594)	(19.0, 0.17616094967144044)	(20.0, 0.23670030574852013)	(21.0, 0.32582109910427065)	(22.0, 0.4473765154927211)	(23.0, 0.6129760724450547)	(24.0, 0.8346674806859845)	(25.0, 1.1112933273147863)	(26.0, 1.4314876511121197)	(27.0, 1.8022042970327847)	(28.0, 2.2276742753658487)	(29.0, 2.6969188169774654)	(30.0, 3.191218433540727)	(31.0, 3.6812891214927994)	(32.0, 4.148627887006192)	(33.0, 4.602130780496809)	(34.0, 4.98501587445917)	(35.0, 5.234031386539854)	(36.0, 5.37564585097035)	(37.0, 5.428246728455862)	(38.0, 5.388205654453296)	(39.0, 5.264047099877156)	(40.0, 5.075219140312001)	(41.0, 4.788724058858859)	(42.0, 4.413419394892878)	(43.0, 3.9899457456457754)	(44.0, 3.5333297028871122)	(45.0, 3.083988083476615)	(46.0, 2.644694723188051)	(47.0, 2.2211128266912405)	(48.0, 1.8354944896737537)	(49.0, 1.49654320734769)	(50.0, 1.208018489962524)	(51.0, 0.9685818186420583)	(52.0, 0.7746464624007757)	(53.0, 0.6173132483059514)	(54.0, 0.48346136068624757)	(55.0, 0.37490914516897106)	(56.0, 0.29332298489626124)	(57.0, 0.2316678494760375)	(58.0, 0.19004990448012885)	(59.0, 0.16531853043866865)	(60.0, 0.14857871777468967)	(61.0, 0.13978154705803544)	(62.0, 0.13691611745759183)	(63.0, 0.1358586250950598)	(64.0, 0.1360053833855293)	(65.0, 0.13655390550664584)	(66.0, 0.13692860752486585)	(67.0, 0.13495101353981578)	(68.0, 0.13069085976044217)	(69.0, 0.12375366822867447)	(70.0, 0.11478996328170023)	(71.0, 0.10440239066548994)	(72.0, 0.09177597349041508)	(73.0, 0.0784449083532987)	(74.0, 0.06533033771559833)	(75.0, 0.05272161480249498)	(76.0, 0.04105276945176015)	(77.0, 0.030608991532816862)	(78.0, 0.02214176675998412)	(79.0, 0.015417947210813934)	(80.0, 0.010093015196331783)	(81.0, 0.006591633003853685)	(82.0, 0.00426535797407112)	(83.0, 0.0025739946973835724)	(84.0, 0.001461337871058041)	(85.0, 0.0008659779976640244)	(86.0, 0.0004538057776220128)	(87.0, 0.00020608611002100578)	(88.0, 0.00011969647804250336)	(89.0, 5.724614167250161e-05)	(90.0, 3.122516818500088e-05)	(91.0, 2.7061812427000762e-05)	(92.0, 1.4571745153000411e-05)	(93.0, 1.4571745153000411e-05)	(94.0, 2.3939295608500676e-05)	(95.0, 3.0184329245500852e-05)	(96.0, 3.330684606400094e-05)	(97.0, 2.6020973487500732e-05)	(98.0, 2.0816778790000583e-05)	(99.0, 2.3939295608500676e-05)	(100.0, 3.226600712450091e-05)
WW1-4.1	(0.0, 4.1865651998973054e-05)	(1.0, 4.6272562735707066e-05)	(2.0, 5.728983957754208e-05)	(3.0, 6.279847799845958e-05)	(4.0, 0.00012119004526018516)	(5.0, 0.0002258541752576178)	(6.0, 0.00033382348830760097)	(7.0, 0.0006213744138794949)	(8.0, 0.001087405224289116)	(9.0, 0.0018002230359558415)	(10.0, 0.0027477088443536527)	(11.0, 0.0040896131636891575)	(12.0, 0.006551974537839283)	(13.0, 0.010654808433738644)	(14.0, 0.018287577829761942)	(15.0, 0.031161265819446157)	(16.0, 0.06093655821218947)	(17.0, 0.11091312942212146)	(18.0, 0.1487806116551926)	(19.0, 0.18000357422495303)	(20.0, 0.24052367937252112)	(21.0, 0.33190758386480584)	(22.0, 0.45822837495023355)	(23.0, 0.6321834641890192)	(24.0, 0.8631639783611428)	(25.0, 1.1558247169322797)	(26.0, 1.4962530627065609)	(27.0, 1.876987014079011)	(28.0, 2.313501438101672)	(29.0, 2.796378766530143)	(30.0, 3.300780548724507)	(31.0, 3.8043857818032065)	(32.0, 4.284158441617649)	(33.0, 4.742203929772308)	(34.0, 5.129154930466606)	(35.0, 5.381085898281163)	(36.0, 5.5162921231395305)	(37.0, 5.559754178552885)	(38.0, 5.513232625360553)	(39.0, 5.3717840114436015)	(40.0, 5.171124144867892)	(41.0, 4.8718541419193375)	(42.0, 4.475823803379684)	(43.0, 4.047158087379146)	(44.0, 3.5912003731860147)	(45.0, 3.1289980664789314)	(46.0, 2.6673928961766755)	(47.0, 2.234670618842974)	(48.0, 1.8404151636025399)	(49.0, 1.4874238170455143)	(50.0, 1.1934310897041995)	(51.0, 0.9510741354651969)	(52.0, 0.7504704570013808)	(53.0, 0.5891191324696544)	(54.0, 0.4504832293304235)	(55.0, 0.3351543753500946)	(56.0, 0.24611935428048912)	(57.0, 0.17456324292045491)	(58.0, 0.12397631457348524)	(59.0, 0.09066667976988126)	(60.0, 0.06593730017069838)	(61.0, 0.04860492024312354)	(62.0, 0.035336813742501624)	(63.0, 0.025203122503381782)	(64.0, 0.01818291369976451)	(65.0, 0.01241867445611643)	(66.0, 0.008194650514956884)	(67.0, 0.005618811189335857)	(68.0, 0.0038318088855902183)	(69.0, 0.0026430447143562202)	(70.0, 0.0018586146032175672)	(71.0, 0.0012570712876533753)	(72.0, 0.0009111287948197558)	(73.0, 0.0007073091732458079)	(74.0, 0.0005200154669346127)	(75.0, 0.000360264952728005)	(76.0, 0.00026110946115148986)	(77.0, 0.00019390407241629627)	(78.0, 0.0001421228712596717)	(79.0, 0.00010686758536579963)	(80.0, 8.042612094539562e-05)	(81.0, 6.61036610510101e-05)	(82.0, 4.076392431478956e-05)	(83.0, 2.4238009052037034e-05)	(84.0, 1.9831098315303026e-05)	(85.0, 1.7627642946936023e-05)	(86.0, 1.432245989438552e-05)	(87.0, 5.508638420917508e-06)	(88.0, 3.3051830525505046e-06)	(89.0, 3.3051830525505046e-06)	(90.0, 3.3051830525505046e-06)	(91.0, 2.203455368367003e-06)	(92.0, 0.0)	(93.0, 0.0)	(94.0, 0.0)	(95.0, 0.0)	(96.0, 0.0)	(97.0, 0.0)	(98.0, 0.0)	(99.0, 0.0)	(100.0, 0.0)
WW1-4.2	(0.0, 0.0005530643848801937)	(1.0, 0.0005045886220620094)	(2.0, 0.00042856981218803846)	(3.0, 0.0004186543152479553)	(4.0, 0.0005178092846487869)	(5.0, 0.0006070487571095352)	(6.0, 0.0007216278328616072)	(7.0, 0.0010466357881198885)	(8.0, 0.001595293285471156)	(9.0, 0.0024292967503203723)	(10.0, 0.003450592935148937)	(11.0, 0.004738505815477516)	(12.0, 0.007040002827459038)	(13.0, 0.011168154720180325)	(14.0, 0.018750204713697243)	(15.0, 0.031971969022357015)	(16.0, 0.06233432237477386)	(17.0, 0.11212003251093138)	(18.0, 0.14986171903053452)	(19.0, 0.18070993173301547)	(20.0, 0.24160981221712394)	(21.0, 0.33232449027818023)	(22.0, 0.45599387328054397)	(23.0, 0.6301981372989828)	(24.0, 0.863646393812536)	(25.0, 1.1529354239269909)	(26.0, 1.4903256314196713)	(27.0, 1.872073365334755)	(28.0, 2.310687575923098)	(29.0, 2.793971100226515)	(30.0, 3.2956203283067307)	(31.0, 3.7983250059501246)	(32.0, 4.275866355803352)	(33.0, 4.729997217381042)	(34.0, 5.121432391806588)	(35.0, 5.375514797452453)	(36.0, 5.512963416035886)	(37.0, 5.560011347294698)	(38.0, 5.508801110764815)	(39.0, 5.372987447454614)	(40.0, 5.17121589849898)	(41.0, 4.874471516407465)	(42.0, 4.48721296963746)	(43.0, 4.056376915537671)	(44.0, 3.599058772554684)	(45.0, 3.134575030449665)	(46.0, 2.670690625048579)	(47.0, 2.2354003093789285)	(48.0, 1.8427785804862202)	(49.0, 1.492707554129056)	(50.0, 1.1969635355066068)	(51.0, 0.9523173777820529)	(52.0, 0.7515340733547803)	(53.0, 0.5910991294204704)	(54.0, 0.45221166205884344)	(55.0, 0.33492124875459983)	(56.0, 0.24631526637613452)	(57.0, 0.17669966408169294)	(58.0, 0.1258199441164796)	(59.0, 0.09111350138242409)	(60.0, 0.06506218575517896)	(61.0, 0.04724844464137845)	(62.0, 0.03458304988324557)	(63.0, 0.02462348406787316)	(64.0, 0.017733315416397603)	(65.0, 0.012489119256975847)	(66.0, 0.008515208427766966)	(67.0, 0.006008791145690391)	(68.0, 0.004155694939777073)	(69.0, 0.0027443892086385703)	(70.0, 0.0018420789870910036)	(71.0, 0.0013198628149132907)	(72.0, 0.0009529894281302141)	(73.0, 0.0007447639923884679)	(74.0, 0.0005839125975826745)	(75.0, 0.0003999250432500205)	(76.0, 0.0003029735176136519)	(77.0, 0.00023356503903306983)	(78.0, 0.0001597496729235619)	(79.0, 0.00011568079763430346)	(80.0, 7.601880987397084e-05)	(81.0, 4.627231905372138e-05)	(82.0, 3.084821270248092e-05)	(83.0, 2.8644768938017994e-05)	(84.0, 2.313615952686069e-05)	(85.0, 1.3220662586777539e-05)	(86.0, 1.652582823347192e-05)	(87.0, 1.542410635124046e-05)	(88.0, 1.1017218822314614e-05)	(89.0, 1.4322384469008997e-05)	(90.0, 1.542410635124046e-05)	(91.0, 1.7627550115703383e-05)	(92.0, 1.652582823347192e-05)	(93.0, 9.915496940083153e-06)	(94.0, 5.508609411157307e-06)	(95.0, 1.1017218822314614e-05)	(96.0, 1.9830993880166306e-05)	(97.0, 2.533960329132361e-05)	(98.0, 2.203443764462923e-05)	(99.0, 1.1017218822314614e-05)	(100.0, 1.4322384469008997e-05)
WW2-1.1	(0.0, 8.75808741905325e-05)	(1.0, 7.230514032009079e-05)	(2.0, 8.248896290038527e-05)	(3.0, 0.00016395954354274107)	(4.0, 0.00025561394676539137)	(5.0, 0.00034319482095592385)	(6.0, 0.00047965804353186983)	(7.0, 0.001021437404803536)	(8.0, 0.0018279961531628586)	(9.0, 0.0029349776676408684)	(10.0, 0.00411120917566488)	(11.0, 0.005550183306260489)	(12.0, 0.007831359564246451)	(13.0, 0.011628907004438263)	(14.0, 0.018830906333222517)	(15.0, 0.030597294942494753)	(16.0, 0.053965094235238466)	(17.0, 0.0885768520388853)	(18.0, 0.12082392623938776)	(19.0, 0.1579704374832699)	(20.0, 0.21789306792798063)	(21.0, 0.30241777696216676)	(22.0, 0.4158288987453581)	(23.0, 0.5745702515979563)	(24.0, 0.7836451475536599)	(25.0, 1.0379209400320006)	(26.0, 1.3399507133538582)	(27.0, 1.6925146510836528)	(28.0, 2.0966627053294133)	(29.0, 2.538758737656125)	(30.0, 3.0004779777128063)	(31.0, 3.460028063559885)	(32.0, 3.8997553387544195)	(33.0, 4.321245424472163)	(34.0, 4.686614500714421)	(35.0, 4.938657999283161)	(36.0, 5.084228614392664)	(37.0, 5.142054395768092)	(38.0, 5.115383982812559)	(39.0, 5.010083257332314)	(40.0, 4.843016629520325)	(41.0, 4.58845365324522)	(42.0, 4.248273243773063)	(43.0, 3.8620578827089433)	(44.0, 3.447236164016777)	(45.0, 3.0330366768842656)	(46.0, 2.626813159596641)	(47.0, 2.250209290283803)	(48.0, 1.9090665095778085)	(49.0, 1.6037198652415492)	(50.0, 1.3487811059132315)	(51.0, 1.1445068639218787)	(52.0, 0.9797397432485203)	(53.0, 0.8460404101208663)	(54.0, 0.7319327148731827)	(55.0, 0.6364929847974369)	(56.0, 0.5606795175984346)	(57.0, 0.49814677342639446)	(58.0, 0.4515089395376779)	(59.0, 0.4165326008856565)	(60.0, 0.3885006108511379)	(61.0, 0.36593631515997943)	(62.0, 0.34611655965421034)	(63.0, 0.32747099889194914)	(64.0, 0.31024302623286504)	(65.0, 0.2919396419093018)	(66.0, 0.27235615108739547)	(67.0, 0.25145487362359914)	(68.0, 0.22822964784697952)	(69.0, 0.20337297369299678)	(70.0, 0.17767104226484956)	(71.0, 0.1517073865963888)	(72.0, 0.1260655397214653)	(73.0, 0.1016152000884363)	(74.0, 0.07896536028760337)	(75.0, 0.05900404964796817)	(76.0, 0.042779183513043)	(77.0, 0.02998117367638694)	(78.0, 0.020250531200915568)	(79.0, 0.01325831861728538)	(80.0, 0.008284539669069555)	(81.0, 0.005146903932080829)	(82.0, 0.0032303085224694083)	(83.0, 0.0019227057031595972)	(84.0, 0.0010703197531889495)	(85.0, 0.0006018639144954036)	(86.0, 0.0003289374693435116)	(87.0, 0.00018025365967121222)	(88.0, 0.00010693013709309201)	(89.0, 5.8047788707678515e-05)	(90.0, 2.749632096679509e-05)	(91.0, 1.323896935438282e-05)	(92.0, 8.147058064235581e-06)	(93.0, 5.091911290147238e-06)	(94.0, 2.0367645160588952e-06)	(95.0, 0.0)	(96.0, 0.0)	(97.0, 0.0)	(98.0, 0.0)	(99.0, 0.0)	(100.0, 2.0367645160588952e-06)
WW2-1.2	(0.0, 0.0007576762533691388)	(1.0, 0.0006293601136856556)	(2.0, 0.0005285402896486332)	(3.0, 0.0005804777747586144)	(4.0, 0.0006293601136856556)	(5.0, 0.0007729519842838392)	(6.0, 0.0010204188251019854)	(7.0, 0.0015713635200921788)	(8.0, 0.002541881624206143)	(9.0, 0.0036488629244914306)	(10.0, 0.004616325882422455)	(11.0, 0.006139825445648573)	(12.0, 0.008509600501549091)	(13.0, 0.012214474439394425)	(14.0, 0.019492851029218664)	(15.0, 0.03138857188352634)	(16.0, 0.05439484102312609)	(17.0, 0.08845361067054205)	(18.0, 0.1208982447513047)	(19.0, 0.15877187359915182)	(20.0, 0.2202852052285283)	(21.0, 0.3042803392360998)	(22.0, 0.4172606634632848)	(23.0, 0.5752819894834943)	(24.0, 0.784031981107302)	(25.0, 1.039146871203408)	(26.0, 1.3426858282991145)	(27.0, 1.6942944554371997)	(28.0, 2.094565450977155)	(29.0, 2.535682732600958)	(30.0, 2.995400762568561)	(31.0, 3.458293089420238)	(32.0, 3.9035755536734493)	(33.0, 4.326498421395784)	(34.0, 4.68932045340732)	(35.0, 4.938418742287156)	(36.0, 5.0872277841837406)	(37.0, 5.143427198218923)	(38.0, 5.112164905710959)	(39.0, 5.009222773458853)	(40.0, 4.840747755582684)	(41.0, 4.587485302455501)	(42.0, 4.251151387850054)	(43.0, 3.8611935474416437)	(44.0, 3.445009313816815)	(45.0, 3.0322193476012327)	(46.0, 2.6255274531667987)	(47.0, 2.244845036569794)	(48.0, 1.9021279032061256)	(49.0, 1.6006878315380988)	(50.0, 1.3482156428902359)	(51.0, 1.143148120798932)	(52.0, 0.9773799624408476)	(53.0, 0.8460758897904489)	(54.0, 0.7350966863130897)	(55.0, 0.6386009125069884)	(56.0, 0.5634270039116258)	(57.0, 0.5017924848169928)	(58.0, 0.45140599558588407)	(59.0, 0.4139896202834169)	(60.0, 0.38716340003308114)	(61.0, 0.3667886301390538)	(62.0, 0.34658291166714905)	(63.0, 0.32689045775397835)	(64.0, 0.3094394627570246)	(65.0, 0.2911421922673965)	(66.0, 0.27183774191945914)	(67.0, 0.2506788178384772)	(68.0, 0.22751164433324256)	(69.0, 0.2035735556078461)	(70.0, 0.1778349673986369)	(71.0, 0.15148433157077876)	(72.0, 0.1260359822489489)	(73.0, 0.10102044530303557)	(74.0, 0.07825247756570515)	(75.0, 0.058816655931901364)	(76.0, 0.0425408738333186)	(77.0, 0.029605384894750317)	(78.0, 0.019830953873464036)	(79.0, 0.013009830829019823)	(80.0, 0.008245839547755264)	(81.0, 0.005155049992680888)	(82.0, 0.0032690064157458814)	(83.0, 0.0018819700486910867)	(84.0, 0.0010234739712849255)	(85.0, 0.0006151027648319353)	(86.0, 0.0003594888675259489)	(87.0, 0.00020876832250090518)	(88.0, 0.0001283161396834832)	(89.0, 7.434189045154185e-05)	(90.0, 4.379042862214109e-05)	(91.0, 2.240440534156056e-05)	(92.0, 1.4257348853720355e-05)	(93.0, 1.8330877097640454e-05)	(94.0, 1.6294112975680406e-05)	(95.0, 1.4257348853720355e-05)	(96.0, 1.6294112975680406e-05)	(97.0, 1.6294112975680406e-05)	(98.0, 1.8330877097640454e-05)	(99.0, 2.5459551524500635e-05)	(100.0, 3.869851831724096e-05)
WW2-5.1	(0.0, 9.819017374661069e-05)	(1.0, 8.516494661695825e-05)	(2.0, 0.00011622510361843715)	(3.0, 0.0002364579694306135)	(4.0, 0.0003326442620803546)	(5.0, 0.000457886830634705)	(6.0, 0.0007354243625511455)	(7.0, 0.0013035246535136789)	(8.0, 0.002339531180595265)	(9.0, 0.0037993585596647734)	(10.0, 0.004990665871753754)	(11.0, 0.0064685281806950885)	(12.0, 0.009215849164503317)	(13.0, 0.013442034397801318)	(14.0, 0.02133632397891913)	(15.0, 0.03492564363734037)	(16.0, 0.05898724590800216)	(17.0, 0.09415535915806375)	(18.0, 0.13012101708467944)	(19.0, 0.17055833567895964)	(20.0, 0.2328239310614405)	(21.0, 0.3220136728614614)	(22.0, 0.44399191910901115)	(23.0, 0.612149605233921)	(24.0, 0.8347998319665545)	(25.0, 1.1084498345550677)	(26.0, 1.4247975336151304)	(27.0, 1.7848098017759817)	(28.0, 2.196174528865762)	(29.0, 2.6522288102373794)	(30.0, 3.1274221599651995)	(31.0, 3.59522720008886)	(32.0, 4.0433110443976785)	(33.0, 4.478198329743063)	(34.0, 4.853012265625941)	(35.0, 5.095187307825924)	(36.0, 5.226629884493989)	(37.0, 5.2805513189891045)	(38.0, 5.247115560947288)	(39.0, 5.128700215289971)	(40.0, 4.9522123954453745)	(41.0, 4.669624081224274)	(42.0, 4.2902893895868575)	(43.0, 3.8792903707972566)	(44.0, 3.448861720892407)	(45.0, 3.016158665942611)	(46.0, 2.587268996720158)	(47.0, 2.19442213484655)	(48.0, 1.8364077361392772)	(49.0, 1.5209026690804484)	(50.0, 1.2620773788465762)	(51.0, 1.044642252668546)	(52.0, 0.8723144899810504)	(53.0, 0.7405593078618737)	(54.0, 0.6266597082563539)	(55.0, 0.5313320786566214)	(56.0, 0.4575010835235576)	(57.0, 0.39757000961892985)	(58.0, 0.3531830413827196)	(59.0, 0.32112795741664496)	(60.0, 0.2973919858242245)	(61.0, 0.2788140041751464)	(62.0, 0.2620805950757367)	(63.0, 0.2452950850678085)	(64.0, 0.2286608680826939)	(65.0, 0.21319791959869958)	(66.0, 0.1957160609096091)	(67.0, 0.17810795771141588)	(68.0, 0.1608064483210437)	(69.0, 0.14160125188864542)	(70.0, 0.12253231937083423)	(71.0, 0.10449137785571719)	(72.0, 0.08635024228575663)	(73.0, 0.06834737451148008)	(74.0, 0.05270207284767064)	(75.0, 0.039417343115973585)	(76.0, 0.028239694357634924)	(77.0, 0.01977329672336084)	(78.0, 0.012962104875101048)	(79.0, 0.008001497219800337)	(80.0, 0.004957601833655406)	(81.0, 0.002945705212398321)	(82.0, 0.0017493881975671661)	(83.0, 0.0010249851810488035)	(84.0, 0.0005600847665750549)	(85.0, 0.00027954141301331003)	(86.0, 0.0001342600334902636)	(87.0, 7.414360058417542e-05)	(88.0, 4.2081503034261726e-05)	(89.0, 1.9036870420261257e-05)	(90.0, 8.015524387478426e-06)	(91.0, 7.013583839043622e-06)	(92.0, 3.005821645304409e-06)	(93.0, 0.0)	(94.0, 0.0)	(95.0, 0.0)	(96.0, 0.0)	(97.0, 0.0)	(98.0, 0.0)	(99.0, 0.0)	(100.0, 0.0)
WW2-5.2	(0.0, 0.0005731179180798273)	(1.0, 0.0005069889275321549)	(2.0, 0.00047091856905160637)	(3.0, 0.000557086647644028)	(4.0, 0.000681328993521473)	(5.0, 0.0008286162906503798)	(6.0, 0.001064075575176183)	(7.0, 0.0017083322558148698)	(8.0, 0.0028545680919745244)	(9.0, 0.004372529011364277)	(10.0, 0.005666052144652838)	(11.0, 0.007155958340779942)	(12.0, 0.009896303630899396)	(13.0, 0.014213725150140612)	(14.0, 0.02206604180047559)	(15.0, 0.035460168249585956)	(16.0, 0.060473959901444156)	(17.0, 0.09598122000793528)	(18.0, 0.13080614916650268)	(19.0, 0.17006472655497085)	(20.0, 0.2325946968898063)	(21.0, 0.3218988927612311)	(22.0, 0.4446403109441245)	(23.0, 0.6139886401014956)	(24.0, 0.8349135740684422)	(25.0, 1.1073960757113217)	(26.0, 1.4238433345699788)	(27.0, 1.785551879640909)	(28.0, 2.1972639611099014)	(29.0, 2.6481173913023004)	(30.0, 3.1204777727387265)	(31.0, 3.5935234909862825)	(32.0, 4.045470053431523)	(33.0, 4.47888045943537)	(34.0, 4.850338020840071)	(35.0, 5.0861980871267685)	(36.0, 5.225632065650938)	(37.0, 5.286789358454708)	(38.0, 5.250679923752473)	(39.0, 5.127094859962895)	(40.0, 4.9398826857680325)	(41.0, 4.665413308545515)	(42.0, 4.295239250730082)	(43.0, 3.8839129217059503)	(44.0, 3.4529292492643227)	(45.0, 3.018059997650818)	(46.0, 2.58977659232322)	(47.0, 2.193832267282238)	(48.0, 1.8347799033316396)	(49.0, 1.5207934444848776)	(50.0, 1.2614054849248395)	(51.0, 1.044750880620229)	(52.0, 0.8721592250628152)	(53.0, 0.7399122654658952)	(54.0, 0.6271312759956443)	(55.0, 0.5319015217893871)	(56.0, 0.4595273494525686)	(57.0, 0.3994451537223994)	(58.0, 0.3529214049633074)	(59.0, 0.3217536093729067)	(60.0, 0.29677087830751786)	(61.0, 0.27701634531300406)	(62.0, 0.26123656543216633)	(63.0, 0.24506201551684703)	(64.0, 0.22872615094276746)	(65.0, 0.21267183555571662)	(66.0, 0.19612455860276495)	(67.0, 0.17851821584664831)	(68.0, 0.15998706917726646)	(69.0, 0.14224746648565226)	(70.0, 0.12362414001126458)	(71.0, 0.10449182070054028)	(72.0, 0.08642658282819886)	(73.0, 0.06906471694622814)	(74.0, 0.05316971230913307)	(75.0, 0.03899406142627748)	(76.0, 0.027576791012781623)	(77.0, 0.019164381851595906)	(78.0, 0.012753877586080632)	(79.0, 0.008135869746168178)	(80.0, 0.005013779828796252)	(81.0, 0.002868595453605849)	(82.0, 0.001621162222820211)	(83.0, 0.0009718957701703366)	(84.0, 0.0005841394165044395)	(85.0, 0.00032663713512941206)	(86.0, 0.00016732638517365589)	(87.0, 9.418371381032128e-05)	(88.0, 6.813289935214731e-05)	(89.0, 4.0078176089498416e-05)	(90.0, 1.8035179240274288e-05)	(91.0, 1.5029316033561904e-05)	(92.0, 1.7033224838036828e-05)	(93.0, 2.0039088044749208e-05)	(94.0, 2.3044951251461588e-05)	(95.0, 3.206254087159873e-05)	(96.0, 3.306449527383619e-05)	(97.0, 2.9056677664886348e-05)	(98.0, 3.106058646936127e-05)	(99.0, 2.2042996849224128e-05)	(100.0, 1.8035179240274288e-05)
WW2-6.1	(0.0, 0.00015643562787934508)	(1.0, 0.00013330078150282221)	(2.0, 0.00017185885879702698)	(3.0, 0.0002886347500309043)	(4.0, 0.00038778409164457367)	(5.0, 0.0005640495878466526)	(6.0, 0.000868107568795239)	(7.0, 0.0014784268493949373)	(8.0, 0.0028202479392332633)	(9.0, 0.004585106219956579)	(10.0, 0.005852014473909021)	(11.0, 0.007306204817576174)	(12.0, 0.009986542019199037)	(13.0, 0.014370044577874486)	(14.0, 0.022637998009103252)	(15.0, 0.03716337655550582)	(16.0, 0.06579770641353355)	(17.0, 0.1091909666004316)	(18.0, 0.146235363946001)	(19.0, 0.18219462683057638)	(20.0, 0.24193210515281224)	(21.0, 0.3283550779406915)	(22.0, 0.44819358217107996)	(23.0, 0.6139712813491351)	(24.0, 0.8373216982241946)	(25.0, 1.1171872398190454)	(26.0, 1.437123436997385)	(27.0, 1.7969198728231224)	(28.0, 2.2139431053095673)	(29.0, 2.68269805761262)	(30.0, 3.169447513759202)	(31.0, 3.6511723016046735)	(32.0, 4.112406225516653)	(33.0, 4.544356942212712)	(34.0, 4.916873136908132)	(35.0, 5.1756584268165655)	(36.0, 5.327658774147725)	(37.0, 5.3904665770819316)	(38.0, 5.363543124196416)	(39.0, 5.241695193309323)	(40.0, 5.053514149563983)	(41.0, 4.77333243173532)	(42.0, 4.396328076842855)	(43.0, 3.977392363722618)	(44.0, 3.5257208429796)	(45.0, 3.074888786662245)	(46.0, 2.6355216992134847)	(47.0, 2.222511811743691)	(48.0, 1.8459800687129175)	(49.0, 1.5101138773153147)	(50.0, 1.2291455747098496)	(51.0, 0.9979127851765036)	(52.0, 0.8107023033196268)	(53.0, 0.6645143107257301)	(54.0, 0.5380933918715453)	(55.0, 0.4305306777922803)	(56.0, 0.3506614764850646)	(57.0, 0.28737665505176196)	(58.0, 0.24118077347525085)	(59.0, 0.2119140911495982)	(60.0, 0.19170855698808362)	(61.0, 0.17762163886348373)	(62.0, 0.16686834193580563)	(63.0, 0.1588075004626143)	(64.0, 0.15314276807842)	(65.0, 0.1474648157820105)	(66.0, 0.14160619135199393)	(67.0, 0.1333514578329803)	(68.0, 0.12404463963351055)	(69.0, 0.11459680903707911)	(70.0, 0.10251491093177785)	(71.0, 0.08912313985782491)	(72.0, 0.07562340616744818)	(73.0, 0.06156072454857607)	(74.0, 0.048238358013752695)	(75.0, 0.036837285387531976)	(76.0, 0.026616089926513924)	(77.0, 0.018329408286313686)	(78.0, 0.012146896007025766)	(79.0, 0.0077314453271636885)	(80.0, 0.004846199486205909)	(81.0, 0.002856602697824942)	(82.0, 0.0017086736538089028)	(83.0, 0.0010399664275922659)	(84.0, 0.0005651512471979156)	(85.0, 0.0002974480248410082)	(86.0, 0.00015643562787934508)	(87.0, 7.160785783209458e-05)	(88.0, 3.084646183536382e-05)	(89.0, 1.872820897147089e-05)	(90.0, 1.4321571566418917e-05)	(91.0, 8.813274810103947e-06)	(92.0, 2.2033187025259867e-06)	(93.0, 0.0)	(94.0, 0.0)	(95.0, 0.0)	(96.0, 0.0)	(97.0, 0.0)	(98.0, 0.0)	(99.0, 0.0)	(100.0, 0.0)
WW2-6.2	(0.0, 0.0008769058311648918)	(1.0, 0.0007248794433498729)	(2.0, 0.0005761579770090934)	(3.0, 0.000622426877648447)	(4.0, 0.0007469122531781364)	(5.0, 0.0010024928471859943)	(6.0, 0.0013704407713179966)	(7.0, 0.0020743890453310187)	(8.0, 0.003332462486524871)	(9.0, 0.004872555893520498)	(10.0, 0.006190117921250661)	(11.0, 0.007671824382201389)	(12.0, 0.010492024040219133)	(13.0, 0.01526102572754679)	(14.0, 0.023870346167940797)	(15.0, 0.038129980688793)	(16.0, 0.06722430606701511)	(17.0, 0.11076995141159532)	(18.0, 0.14888230585252568)	(19.0, 0.18498636967760987)	(20.0, 0.24323120409911614)	(21.0, 0.32913712961951597)	(22.0, 0.44936135972841923)	(23.0, 0.6165474223457749)	(24.0, 0.8399656222068249)	(25.0, 1.11671644153817)	(26.0, 1.4377499037028505)	(27.0, 1.8009431474739137)	(28.0, 2.215281152699325)	(29.0, 2.678471405516454)	(30.0, 3.1679390889752614)	(31.0, 3.652487947639909)	(32.0, 4.112626656295823)	(33.0, 4.544027971092733)	(34.0, 4.9106781627258504)	(35.0, 5.169211153250696)	(36.0, 5.3246030527669825)	(37.0, 5.389115119944138)	(38.0, 5.357353722936205)	(39.0, 5.238627723895624)	(40.0, 5.055543887346684)	(41.0, 4.770053753996958)	(42.0, 4.396172394178204)	(43.0, 3.9779213619272937)	(44.0, 3.5293036095305785)	(45.0, 3.078333854684696)	(46.0, 2.634154611827884)	(47.0, 2.2204632695709323)	(48.0, 1.8440128841262031)	(49.0, 1.5083353149091672)	(50.0, 1.227411481396349)	(51.0, 0.997639019180828)	(52.0, 0.8097718596181726)	(53.0, 0.66382322239428)	(54.0, 0.5383430655008445)	(55.0, 0.4326527783951555)	(56.0, 0.35218014377840545)	(57.0, 0.28773197174975157)	(58.0, 0.24180237638175323)	(59.0, 0.21138828569481813)	(60.0, 0.18937089883343433)	(61.0, 0.1755937828478211)	(62.0, 0.1673546136125419)	(63.0, 0.15996150427466804)	(64.0, 0.15361495340363673)	(65.0, 0.14876663360092732)	(66.0, 0.14158834415887903)	(67.0, 0.1330363090240385)	(68.0, 0.12453935591376865)	(69.0, 0.11406165319993788)	(70.0, 0.10133440060264141)	(71.0, 0.0890467025614188)	(72.0, 0.07635800738132179)	(73.0, 0.06213142207521197)	(74.0, 0.0486858998775141)	(75.0, 0.03683114654941687)	(76.0, 0.026967057589303248)	(77.0, 0.01858247180915753)	(78.0, 0.012192956958961082)	(79.0, 0.007902067244906745)	(80.0, 0.0047976443401044015)	(81.0, 0.0027783373193440413)	(82.0, 0.0015422966879784527)	(83.0, 0.0008658894262507598)	(84.0, 0.0005453120432495243)	(85.0, 0.00027651176334470836)	(86.0, 0.00014431490437512664)	(87.0, 8.702959882164126e-05)	(88.0, 3.745577670804814e-05)	(89.0, 2.643937179391633e-05)	(90.0, 1.2118045405544985e-05)	(91.0, 8.813123931305444e-06)	(92.0, 1.1016404914131807e-05)	(93.0, 1.2118045405544985e-05)	(94.0, 1.762624786261089e-05)	(95.0, 2.0931169336850433e-05)	(96.0, 1.872788835402407e-05)	(97.0, 1.872788835402407e-05)	(98.0, 1.982952884543725e-05)	(99.0, 1.982952884543725e-05)	(100.0, 2.643937179391633e-05)
WW3-1.1	(0.0, 2.4525173230495466e-05)	(1.0, 3.406274059791037e-05)	(2.0, 7.221301006756998e-05)	(3.0, 9.673818329806545e-05)	(4.0, 0.0001185383372807281)	(5.0, 0.00019075134734829806)	(6.0, 0.0003351773674834381)	(7.0, 0.0006362919943689657)	(8.0, 0.0010954577376287974)	(9.0, 0.0018843508098764017)	(10.0, 0.0027713445750459876)	(11.0, 0.003966265515220683)	(12.0, 0.006297519481741669)	(13.0, 0.010484511556036812)	(14.0, 0.017741237813015637)	(15.0, 0.030492965383249363)	(16.0, 0.058221398739572314)	(17.0, 0.09684854657760268)	(18.0, 0.1304929967209707)	(19.0, 0.16840346449682103)	(20.0, 0.2306292790210837)	(21.0, 0.32135879487767777)	(22.0, 0.4448144293911202)	(23.0, 0.6144264399243551)	(24.0, 0.8421344983117619)	(25.0, 1.1219163120156304)	(26.0, 1.4487796457739306)	(27.0, 1.8258432841158068)	(28.0, 2.25548344382537)	(29.0, 2.732314124359278)	(30.0, 3.227033193745585)	(31.0, 3.7182233632059485)	(32.0, 4.197334884850292)	(33.0, 4.662446620108895)	(34.0, 5.054777178786756)	(35.0, 5.298264461128738)	(36.0, 5.428899158850596)	(37.0, 5.485298882222992)	(38.0, 5.451800220609384)	(39.0, 5.325204001412813)	(40.0, 5.137052322426948)	(41.0, 4.849291652365425)	(42.0, 4.462671371521399)	(43.0, 4.036011020359341)	(44.0, 3.5821876773348853)	(45.0, 3.1242154925056043)	(46.0, 2.675144583049369)	(47.0, 2.2510948003267353)	(48.0, 1.8573090813705326)	(49.0, 1.504668428037358)	(50.0, 1.2117261338760807)	(51.0, 0.9710061085802721)	(52.0, 0.7709665331257359)	(53.0, 0.6112913052797234)	(54.0, 0.4756234970071182)	(55.0, 0.35987285441692307)	(56.0, 0.26980824325680025)	(57.0, 0.19953680940331112)	(58.0, 0.14931334215612815)	(59.0, 0.11647277269087081)	(60.0, 0.09288364357200592)	(61.0, 0.07807588897928232)	(62.0, 0.0691855136832277)	(63.0, 0.06353382376322243)	(64.0, 0.06088510505432892)	(65.0, 0.06001991144314199)	(66.0, 0.060910992737183325)	(67.0, 0.06300789504839069)	(68.0, 0.06474236979963628)	(69.0, 0.0660054162210068)	(70.0, 0.06602857888461337)	(71.0, 0.06437721722042668)	(72.0, 0.06174076109814842)	(73.0, 0.057526518831374954)	(74.0, 0.05148651366855348)	(75.0, 0.04471620334731281)	(76.0, 0.03734230126267718)	(77.0, 0.03016323805426159)	(78.0, 0.023553703868643062)	(79.0, 0.017515061215445514)	(80.0, 0.012325262057947888)	(81.0, 0.008339921407992376)	(82.0, 0.0054568510437852415)	(83.0, 0.0033544986940822136)	(84.0, 0.0020015266375332137)	(85.0, 0.0011635832188246183)	(86.0, 0.0006049542730188882)	(87.0, 0.0003024771365094441)	(88.0, 0.0001635011548699698)	(89.0, 8.447559668281772e-05)	(90.0, 2.7250192478328294e-05)	(91.0, 6.812548119582074e-06)	(92.0, 5.450038495665659e-06)	(93.0, 4.087528871749244e-06)	(94.0, 1.3625096239164148e-06)	(95.0, 1.3625096239164148e-06)	(96.0, 1.3625096239164148e-06)	(97.0, 0.0)	(98.0, 0.0)	(99.0, 0.0)	(100.0, 0.0)
WW3-1.2	(0.0, 0.0005286581567327825)	(1.0, 0.0004346442061797877)	(2.0, 0.0003515304238068502)	(3.0, 0.0003678806760769363)	(4.0, 0.00041693143288719446)	(5.0, 0.0005504584930928972)	(6.0, 0.0007057858896587148)	(7.0, 0.001032790935060436)	(8.0, 0.0015805243861083187)	(9.0, 0.002392586915522593)	(10.0, 0.003219637176184446)	(11.0, 0.004448631138485915)	(12.0, 0.0070265209130694825)	(13.0, 0.011321187176012087)	(14.0, 0.018711501202090985)	(15.0, 0.030978277967723046)	(16.0, 0.05819736043434881)	(17.0, 0.09676760553948181)	(18.0, 0.13010031983409726)	(19.0, 0.16784215215754592)	(20.0, 0.2309786512984832)	(21.0, 0.3207973996231785)	(22.0, 0.44294332172787887)	(23.0, 0.6144819934194867)	(24.0, 0.8417709377890206)	(25.0, 1.1215005912728104)	(26.0, 1.4457928573187198)	(27.0, 1.8229209635754122)	(28.0, 2.257220451936506)	(29.0, 2.7292331596795747)	(30.0, 3.2247289172455553)	(31.0, 3.7219823269305703)	(32.0, 4.19841914043372)	(33.0, 4.657576462329435)	(34.0, 5.051500365230573)	(35.0, 5.293516799332386)	(36.0, 5.423311914457442)	(37.0, 5.483134762471642)	(38.0, 5.447729653701793)	(39.0, 5.3210015733984015)	(40.0, 5.131912268415879)	(41.0, 4.850219222138655)	(42.0, 4.473588436055179)	(43.0, 4.044978835484074)	(44.0, 3.5833417253273976)	(45.0, 3.122873658208032)	(46.0, 2.674150522302677)	(47.0, 2.2504132969080595)	(48.0, 1.8600987121955428)	(49.0, 1.5121898692665166)	(50.0, 1.2173771080635725)	(51.0, 0.9712226976164042)	(52.0, 0.7692616565342564)	(53.0, 0.6101982273247242)	(54.0, 0.4750075289505401)	(55.0, 0.36032958457020153)	(56.0, 0.27111988314256696)	(57.0, 0.20042002980569235)	(58.0, 0.1500353649143997)	(59.0, 0.11663043700559136)	(60.0, 0.09288442062533639)	(61.0, 0.07818690635555153)	(62.0, 0.06895718894908795)	(63.0, 0.06349756721190171)	(64.0, 0.061054567018546356)	(65.0, 0.06040328196978793)	(66.0, 0.06139383475315063)	(67.0, 0.0634784919175866)	(68.0, 0.06479604974635104)	(69.0, 0.06565443799053056)	(70.0, 0.06603866891887758)	(71.0, 0.06443498167538664)	(72.0, 0.06103276668218624)	(73.0, 0.056516009492574966)	(74.0, 0.051108163554244)	(75.0, 0.044892342649566284)	(76.0, 0.03731263820135889)	(77.0, 0.029776534425871727)	(78.0, 0.02357433873141908)	(79.0, 0.017764549091448503)	(80.0, 0.012398941304815258)	(81.0, 0.008387679414554148)	(82.0, 0.005540010477514159)	(83.0, 0.0034894163386408657)	(84.0, 0.0019756554826353984)	(85.0, 0.0010941043810732587)	(86.0, 0.0006104094180832128)	(87.0, 0.0003229174823341996)	(88.0, 0.0001621400016783534)	(89.0, 8.175126135043028e-05)	(90.0, 6.540100908034423e-05)	(91.0, 3.9513109652707974e-05)	(92.0, 1.90752943151004e-05)	(93.0, 2.3162857382621913e-05)	(94.0, 2.5887899427636256e-05)	(95.0, 2.1800336360114743e-05)	(96.0, 1.7712773292593227e-05)	(97.0, 1.7712773292593227e-05)	(98.0, 2.4525378405129083e-05)	(99.0, 1.7712773292593227e-05)	(100.0, 2.043781533760757e-05)
WW5-1.1	(0.0, 4.5848472653651195e-05)	(1.0, 5.5673145365147884e-05)	(2.0, 7.641412108941865e-05)	(3.0, 0.00011898770283923763)	(4.0, 0.00017902736940949513)	(5.0, 0.00024015866628103005)	(6.0, 0.0004333772296071315)	(7.0, 0.000975917489342004)	(8.0, 0.0016778357730633782)	(9.0, 0.002648295110898995)	(10.0, 0.0037366505212725726)	(11.0, 0.0052802157672788294)	(12.0, 0.007867379581306289)	(13.0, 0.012014483095859169)	(14.0, 0.020057615155671123)	(15.0, 0.033794690866946045)	(16.0, 0.062051541215511784)	(17.0, 0.10224864379944983)	(18.0, 0.13742315536721053)	(19.0, 0.175705538402708)	(20.0, 0.23883561035588186)	(21.0, 0.32781876273420857)	(22.0, 0.4507570756337692)	(23.0, 0.6235807100411048)	(24.0, 0.8577092105378785)	(25.0, 1.1442774474474162)	(26.0, 1.4747597881167418)	(27.0, 1.8544691972221723)	(28.0, 2.2896956485596673)	(29.0, 2.772233357154526)	(30.0, 3.2727665912659423)	(31.0, 3.7678820641921194)	(32.0, 4.249074884255804)	(33.0, 4.7129468063291196)	(34.0, 5.1040299115435595)	(35.0, 5.364685028361374)	(36.0, 5.51687139192306)	(37.0, 5.574371926412546)	(38.0, 5.535057952742342)	(39.0, 5.411260526795676)	(40.0, 5.216511497787184)	(41.0, 4.917361130025123)	(42.0, 4.528238592831777)	(43.0, 4.094423619473833)	(44.0, 3.6247835228885674)	(45.0, 3.150619710334808)	(46.0, 2.685346134954652)	(47.0, 2.247565268712167)	(48.0, 1.845594242872787)	(49.0, 1.489013204960521)	(50.0, 1.1918779867346176)	(51.0, 0.9437897179451085)	(52.0, 0.7389114513710631)	(53.0, 0.5767181128375669)	(54.0, 0.437271074891788)	(55.0, 0.32334307849897126)	(56.0, 0.23719816490396575)	(57.0, 0.17054758522917224)	(58.0, 0.12339024784428941)	(59.0, 0.08950822655324119)	(60.0, 0.0640754237940801)	(61.0, 0.04670103591894885)	(62.0, 0.034838289434967244)	(63.0, 0.02618493603674122)	(64.0, 0.019586030865519282)	(65.0, 0.014465193122226952)	(66.0, 0.010667411304082846)	(67.0, 0.008144653677830752)	(68.0, 0.006339097159517916)	(69.0, 0.005138303828112766)	(70.0, 0.004326130883962373)	(71.0, 0.003498675115594097)	(72.0, 0.002901553340795354)	(73.0, 0.0025183911050469837)	(74.0, 0.002173435929843322)	(75.0, 0.0017498833729476873)	(76.0, 0.0014103863492504131)	(77.0, 0.0010719809558544162)	(78.0, 0.0007488583866763029)	(79.0, 0.0005381737385297628)	(80.0, 0.0004257358174981897)	(81.0, 0.00029910670255001013)	(82.0, 0.00018339389061460478)	(83.0, 0.00012662911494817948)	(84.0, 7.750575139069607e-05)	(85.0, 3.49321696408771e-05)	(86.0, 1.855771512171596e-05)	(87.0, 1.419119391660632e-05)	(88.0, 6.549781807664457e-06)	(89.0, 2.183260602554819e-06)	(90.0, 1.0916303012774094e-06)	(91.0, 1.0916303012774094e-06)	(92.0, 1.0916303012774094e-06)	(93.0, 1.0916303012774094e-06)	(94.0, 1.0916303012774094e-06)	(95.0, 0.0)	(96.0, 0.0)	(97.0, 0.0)	(98.0, 0.0)	(99.0, 0.0)	(100.0, 0.0)
WW5-1.2	(0.0, 0.0005982145805525134)	(1.0, 0.0005218003093140536)	(2.0, 0.0004257366540428471)	(3.0, 0.00044975256786064873)	(4.0, 0.0005108839848514166)	(5.0, 0.0005862066236436126)	(6.0, 0.0007903418910949264)	(7.0, 0.0013110505679627164)	(8.0, 0.0020337112473892928)	(9.0, 0.0031242520612067394)	(10.0, 0.00426282470265979)	(11.0, 0.005811851143907995)	(12.0, 0.008713410186076938)	(13.0, 0.012672761068675415)	(14.0, 0.02074756627368808)	(15.0, 0.034645138947071386)	(16.0, 0.06319351068175993)	(17.0, 0.10343981571061041)	(18.0, 0.1379561420290227)	(19.0, 0.17576483180536628)	(20.0, 0.23836340280391252)	(21.0, 0.32775390893110895)	(22.0, 0.4513616340864415)	(23.0, 0.6258852798004059)	(24.0, 0.8564882675438297)	(25.0, 1.1402646717447589)	(26.0, 1.4715019798118953)	(27.0, 1.8538920926785032)	(28.0, 2.2907066327860344)	(29.0, 2.771799968178914)	(30.0, 3.272225022562678)	(31.0, 3.7719754480946515)	(32.0, 4.257226811475349)	(33.0, 4.713662353172024)	(34.0, 5.1006198561938)	(35.0, 5.361128114802618)	(36.0, 5.509667633398167)	(37.0, 5.5681965986370425)	(38.0, 5.534209714055068)	(39.0, 5.415318932700041)	(40.0, 5.2156997486789205)	(41.0, 4.918260472780554)	(42.0, 4.534968671513333)	(43.0, 4.097810267185229)	(44.0, 3.6254816487034)	(45.0, 3.148848723485954)	(46.0, 2.6808833598918413)	(47.0, 2.2433559837968997)	(48.0, 1.8457878133974412)	(49.0, 1.4914624790918274)	(50.0, 1.1923540971831244)	(51.0, 0.942177048045746)	(52.0, 0.7385744972282088)	(53.0, 0.5755435579085086)	(54.0, 0.4364444767082479)	(55.0, 0.3230609810446213)	(56.0, 0.2371167585502794)	(57.0, 0.17161553687711795)	(58.0, 0.12343306396393028)	(59.0, 0.08864164626905956)	(60.0, 0.06375242649424696)	(61.0, 0.04669021135914517)	(62.0, 0.03441043797112468)	(63.0, 0.025645721060073356)	(64.0, 0.01962318485403646)	(65.0, 0.014725030067651194)	(66.0, 0.011069153005114026)	(67.0, 0.008430677382494638)	(68.0, 0.006368583691502487)	(69.0, 0.0050760908751262546)	(70.0, 0.004265007967552317)	(71.0, 0.0036591519598759576)	(72.0, 0.0030947779851576195)	(73.0, 0.002612276443909059)	(74.0, 0.002164707140940938)	(75.0, 0.0017782692549635844)	(76.0, 0.0013896481040937035)	(77.0, 0.0010697997973384363)	(78.0, 0.0008296406591604201)	(79.0, 0.0006156806996927327)	(80.0, 0.00042682828648911084)	(81.0, 0.0002368842408392252)	(82.0, 0.00014082058556801866)	(83.0, 0.00010916324462637107)	(84.0, 7.968916857725088e-05)	(85.0, 5.567325475944924e-05)	(86.0, 4.039040051175729e-05)	(87.0, 2.7290811156592766e-05)	(88.0, 1.6374486693955658e-05)	(89.0, 1.3099589355164527e-05)	(90.0, 1.8557751586483078e-05)	(91.0, 1.8557751586483078e-05)	(92.0, 1.3099589355164527e-05)	(93.0, 1.4191221801428237e-05)	(94.0, 1.6374486693955658e-05)	(95.0, 2.5107546264065343e-05)	(96.0, 3.2748973387911315e-05)	(97.0, 3.2748973387911315e-05)	(98.0, 3.165734094164761e-05)	(99.0, 2.2924281371537922e-05)	(100.0, 2.8382443602856475e-05)
WW5-3.1	(0.0, 0.00010406466594992476)	(1.0, 8.845496605743604e-05)	(2.0, 0.00011030854590692023)	(3.0, 0.00018419445873136682)	(4.0, 0.0002903404180002901)	(5.0, 0.00041521801714019976)	(6.0, 0.0005900466559360734)	(7.0, 0.0012185972382736188)	(8.0, 0.00232376399066182)	(9.0, 0.0036818078813083376)	(10.0, 0.004594455001689178)	(11.0, 0.005972271178866181)	(12.0, 0.008724781593241691)	(13.0, 0.012782262918629257)	(14.0, 0.020969030188909835)	(15.0, 0.0342924293704787)	(16.0, 0.06046469285688478)	(17.0, 0.09644817304904975)	(18.0, 0.13017240934344185)	(19.0, 0.169414154226499)	(20.0, 0.2299860336893122)	(21.0, 0.31886558358382394)	(22.0, 0.4440668238348379)	(23.0, 0.6161419115696765)	(24.0, 0.8431725087460108)	(25.0, 1.1211198656783243)	(26.0, 1.4524451117163326)	(27.0, 1.8366945249164945)	(28.0, 2.27222492420346)	(29.0, 2.753972522932106)	(30.0, 3.2600181805134)	(31.0, 3.7581590860691376)	(32.0, 4.22796630502669)	(33.0, 4.68302027629252)	(34.0, 5.0754200341298805)	(35.0, 5.348947764699301)	(36.0, 5.5107672796047735)	(37.0, 5.574930430689519)	(38.0, 5.541588111719163)	(39.0, 5.409608099128171)	(40.0, 5.220341528578405)	(41.0, 4.926651268981187)	(42.0, 4.5355263033017135)	(43.0, 4.103893125754573)	(44.0, 3.6364304837208725)	(45.0, 3.1660613155671915)	(46.0, 2.7032035350017756)	(47.0, 2.2692517966972705)	(48.0, 1.870355281764657)	(49.0, 1.5126444396750451)	(50.0, 1.2094104095635594)	(51.0, 0.959798820522751)	(52.0, 0.7561338627921532)	(53.0, 0.5918459340103475)	(54.0, 0.4517967472215983)	(55.0, 0.3370102987388528)	(56.0, 0.2482691548500545)	(57.0, 0.1775520111037831)	(58.0, 0.12696929892550318)	(59.0, 0.09247602474974113)	(60.0, 0.06673979221366524)	(61.0, 0.04954935004539717)	(62.0, 0.037087606297893684)	(63.0, 0.02722747919913831)	(64.0, 0.020471601085669196)	(65.0, 0.015163262475563535)	(66.0, 0.011295178842204831)	(67.0, 0.00872686288656069)	(68.0, 0.006759000053447612)	(69.0, 0.0054509072024570586)	(70.0, 0.004607983408262668)	(71.0, 0.003956538599416139)	(72.0, 0.0033342318970355895)	(73.0, 0.0027316974811855245)	(74.0, 0.0022946258841958405)	(75.0, 0.0018533917005681597)	(76.0, 0.0014985311896789164)	(77.0, 0.0011540771453846656)	(78.0, 0.0008262734476424024)	(79.0, 0.000605656355828562)	(80.0, 0.0004110554305022028)	(81.0, 0.0002809745980647968)	(82.0, 0.00018107251875286906)	(83.0, 8.221108610044054e-05)	(84.0, 6.34794462294541e-05)	(85.0, 3.434133976347517e-05)	(86.0, 1.3528406573490217e-05)	(87.0, 9.365819935493227e-06)	(88.0, 2.0812933189984947e-06)	(89.0, 1.0406466594992474e-06)	(90.0, 0.0)	(91.0, 1.0406466594992474e-06)	(92.0, 3.121939978497742e-06)	(93.0, 3.121939978497742e-06)	(94.0, 1.0406466594992474e-06)	(95.0, 0.0)	(96.0, 0.0)	(97.0, 0.0)	(98.0, 0.0)	(99.0, 0.0)	(100.0, 0.0)
WW5-3.2	(0.0, 0.000609797728324477)	(1.0, 0.000536954996272065)	(2.0, 0.000441218834146038)	(3.0, 0.00047347775834067756)	(4.0, 0.0005921073505403198)	(5.0, 0.0007409146460188185)	(6.0, 0.000991701766370694)	(7.0, 0.0016556112385055339)	(8.0, 0.0027617801552443037)	(9.0, 0.004109370698213924)	(10.0, 0.005151021766563415)	(11.0, 0.00637790149641761)	(12.0, 0.00918234668043547)	(13.0, 0.013678824468985067)	(14.0, 0.022095281852412323)	(15.0, 0.035564943619361175)	(16.0, 0.06207761686552334)	(17.0, 0.09799220559873609)	(18.0, 0.13124179094928845)	(19.0, 0.17066843997788536)	(20.0, 0.23325491535731768)	(21.0, 0.32383901510632346)	(22.0, 0.44752909596269264)	(23.0, 0.6175263421952378)	(24.0, 0.8422180740945657)	(25.0, 1.1225637345028519)	(26.0, 1.4524549400322728)	(27.0, 1.8318521474854288)	(28.0, 2.2679688685564243)	(29.0, 2.751957833132265)	(30.0, 3.2545945371135225)	(31.0, 3.752250879443312)	(32.0, 4.225803561736957)	(33.0, 4.676488829218435)	(34.0, 5.072190321325837)	(35.0, 5.347551457640822)	(36.0, 5.504322544953565)	(37.0, 5.566975619402303)	(38.0, 5.529602094807126)	(39.0, 5.404842266400045)	(40.0, 5.219527234227335)	(41.0, 4.927289477506263)	(42.0, 4.542483176892987)	(43.0, 4.110618390152936)	(44.0, 3.6400449756002344)	(45.0, 3.165269576018566)	(46.0, 2.703217720505538)	(47.0, 2.2704652930449063)	(48.0, 1.8696502411474254)	(49.0, 1.5130788240881217)	(50.0, 1.2137565913697241)	(51.0, 0.9640184063594036)	(52.0, 0.758707003627849)	(53.0, 0.593459103525121)	(54.0, 0.4547904757378602)	(55.0, 0.33888416110652025)	(56.0, 0.24884430062699173)	(57.0, 0.1789392118972078)	(58.0, 0.12762254777674148)	(59.0, 0.0928880113027778)	(60.0, 0.06760117717601195)	(61.0, 0.04946958055770872)	(62.0, 0.036410959921627045)	(63.0, 0.026967420016260787)	(64.0, 0.020192005324928586)	(65.0, 0.015112785679959691)	(66.0, 0.011384278409334092)	(67.0, 0.008822295462004975)	(68.0, 0.007049095241757692)	(69.0, 0.005762900715803675)	(70.0, 0.004739980635696233)	(71.0, 0.003958482181819643)	(72.0, 0.0034329739005843846)	(73.0, 0.0028377447186703902)	(74.0, 0.0023101552165193497)	(75.0, 0.001888707981073252)	(76.0, 0.001515128826690168)	(77.0, 0.001188377142912206)	(78.0, 0.0008834782787499675)	(79.0, 0.000651422146640141)	(80.0, 0.0004713965374248943)	(81.0, 0.0003257110733200705)	(82.0, 0.00019355354516783742)	(83.0, 0.00011654837128385908)	(84.0, 8.324883663132792e-05)	(85.0, 5.2030522894579945e-05)	(86.0, 3.1218313736747964e-05)	(87.0, 2.6015261447289973e-05)	(88.0, 2.081220915783198e-05)	(89.0, 1.2487325494699186e-05)	(90.0, 1.040610457891599e-05)	(91.0, 7.284273205241193e-06)	(92.0, 7.284273205241193e-06)	(93.0, 1.1446715036807587e-05)	(94.0, 1.977159869994038e-05)	(95.0, 2.2893430073615175e-05)	(96.0, 2.081220915783198e-05)	(97.0, 2.4974650989398372e-05)	(98.0, 2.913709282096477e-05)	(99.0, 2.081220915783198e-05)	(100.0, 2.8096482363073173e-05)
WW5-4.1	(0.0, 2.4730882511120112e-05)	(1.0, 2.296439090318296e-05)	(2.0, 3.356334055080586e-05)	(3.0, 5.476123984605167e-05)	(4.0, 9.539054682860613e-05)	(5.0, 0.00012718739577147485)	(6.0, 0.00018548161883340082)	(7.0, 0.00044162290198428763)	(8.0, 0.000819652106082838)	(9.0, 0.001420259252781469)	(10.0, 0.002273474699415113)	(11.0, 0.0034923539088917467)	(12.0, 0.005866518629959277)	(13.0, 0.009620313296825722)	(14.0, 0.016525528992252042)	(15.0, 0.02787877055646411)	(16.0, 0.04986629160045783)	(17.0, 0.08084525492885164)	(18.0, 0.11352534967568892)	(19.0, 0.15506969931115483)	(20.0, 0.21951837913513383)	(21.0, 0.3113777092394736)	(22.0, 0.4363693559422826)	(23.0, 0.6088177996923231)	(24.0, 0.8372887582964825)	(25.0, 1.1184135322584243)	(26.0, 1.4490495330076287)	(27.0, 1.8312052615023202)	(28.0, 2.2679243827829745)	(29.0, 2.752609050693946)	(30.0, 3.2573469313382204)	(31.0, 3.7571845642620763)	(32.0, 4.238981018394071)	(33.0, 4.701635769462458)	(34.0, 5.099318959190917)	(35.0, 5.362351326104367)	(36.0, 5.516647302091245)	(37.0, 5.583496644010411)	(38.0, 5.545494110048859)	(39.0, 5.421046542761294)	(40.0, 5.227158190365721)	(41.0, 4.926368831824222)	(42.0, 4.537041147401307)	(43.0, 4.107698895075398)	(44.0, 3.6409653148842835)	(45.0, 3.1670933421054954)	(46.0, 2.7004268885954823)	(47.0, 2.25961303976763)	(48.0, 1.8613592732498074)	(49.0, 1.5092109376991443)	(50.0, 1.208698918340092)	(51.0, 0.9548116784809331)	(52.0, 0.7502925795887936)	(53.0, 0.5849401326278366)	(54.0, 0.4454703207063748)	(55.0, 0.3338015537106278)	(56.0, 0.24562359211722906)	(57.0, 0.17782387771299327)	(58.0, 0.1279081243475132)	(59.0, 0.09343857360183558)	(60.0, 0.06970045937437615)	(61.0, 0.052431237415182574)	(62.0, 0.03963123922406997)	(63.0, 0.030555005342488895)	(64.0, 0.024464142278321596)	(65.0, 0.019712279852970666)	(66.0, 0.016377143697185324)	(67.0, 0.014262653242484553)	(68.0, 0.012531491466706148)	(69.0, 0.011339109631348569)	(70.0, 0.010462929793811743)	(71.0, 0.00966447558702415)	(72.0, 0.008608113605477734)	(73.0, 0.007633010237896428)	(74.0, 0.006611978088508754)	(75.0, 0.005601544888768705)	(76.0, 0.004626441521187397)	(77.0, 0.003479988467636187)	(78.0, 0.0026144075797469826)	(79.0, 0.001932541819083243)	(80.0, 0.001372563979367166)	(81.0, 0.0008991442284400097)	(82.0, 0.0005705767893636997)	(83.0, 0.00039392762856998455)	(84.0, 0.00023317689224770387)	(85.0, 0.00012718739577147485)	(86.0, 7.065966431748602e-05)	(87.0, 2.826386572699441e-05)	(88.0, 1.9431407687308657e-05)	(89.0, 1.4131932863497205e-05)	(90.0, 5.299474823811452e-06)	(91.0, 3.532983215874301e-06)	(92.0, 5.299474823811452e-06)	(93.0, 1.7664916079371506e-06)	(94.0, 0.0)	(95.0, 1.7664916079371506e-06)	(96.0, 1.7664916079371506e-06)	(97.0, 0.0)	(98.0, 0.0)	(99.0, 0.0)	(100.0, 0.0)
WW5-4.2	(0.0, 0.000565282766717147)	(1.0, 0.00046282526524966407)	(2.0, 0.0003586012551361901)	(3.0, 0.0003744998329501099)	(4.0, 0.00042042905774587806)	(5.0, 0.000482256860355566)	(6.0, 0.000605912465574942)	(7.0, 0.0009397825996672569)	(8.0, 0.0013107494153253847)	(9.0, 0.0021039117973753814)	(10.0, 0.0030030646981848434)	(11.0, 0.0040117411350457525)	(12.0, 0.006331166987232046)	(13.0, 0.010077931825379137)	(14.0, 0.017221692789767082)	(15.0, 0.029274581281364252)	(16.0, 0.05108566353341616)	(17.0, 0.08191653893189857)	(18.0, 0.11306361937801336)	(19.0, 0.15462780130953757)	(20.0, 0.22064576242751638)	(21.0, 0.3117569788617986)	(22.0, 0.43771081182960886)	(23.0, 0.6115440951383615)	(24.0, 0.838685309857187)	(25.0, 1.1194612600855942)	(26.0, 1.4508194188833097)	(27.0, 1.831180527520818)	(28.0, 2.2696368059990353)	(29.0, 2.753471158575471)	(30.0, 3.257938332137083)	(31.0, 3.7653361435423944)	(32.0, 4.2475488411818105)	(33.0, 4.705219434202473)	(34.0, 5.09687029959651)	(35.0, 5.364581151879167)	(36.0, 5.519470396468311)	(37.0, 5.575643604902181)	(38.0, 5.541878558642708)	(39.0, 5.41633808869806)	(40.0, 5.218012163012641)	(41.0, 4.92680321272101)	(42.0, 4.538810786732821)	(43.0, 4.0976464505002985)	(44.0, 3.6312934674845905)	(45.0, 3.165208993783073)	(46.0, 2.6997021684087947)	(47.0, 2.259770855211175)	(48.0, 1.8591920551202987)	(49.0, 1.507607372325985)	(50.0, 1.2105124152259126)	(51.0, 0.9557112081281585)	(52.0, 0.7478567348062636)	(53.0, 0.5848044537639945)	(54.0, 0.4471439679992012)	(55.0, 0.33303810852005317)	(56.0, 0.24611705059406183)	(57.0, 0.17812943233580297)	(58.0, 0.12838808188198603)	(59.0, 0.09394469630245185)	(60.0, 0.06925597146608047)	(61.0, 0.052004248029331526)	(62.0, 0.03950443285029862)	(63.0, 0.030799078242854556)	(64.0, 0.024478510307498456)	(65.0, 0.0199721467515752)	(66.0, 0.016769466576393364)	(67.0, 0.014273389859607962)	(68.0, 0.012545744403828682)	(69.0, 0.011413412361748396)	(70.0, 0.0107191744638739)	(71.0, 0.009673401345447178)	(72.0, 0.008624095209728474)	(73.0, 0.007532392866505983)	(74.0, 0.006226942977118573)	(75.0, 0.005435547103714567)	(76.0, 0.004506363555923256)	(77.0, 0.003578946516777937)	(78.0, 0.0028617440065055568)	(79.0, 0.00208448020226948)	(80.0, 0.00140084135627093)	(81.0, 0.0009291835477913105)	(82.0, 0.0005776483272390846)	(83.0, 0.0003833323761800653)	(84.0, 0.00024377819314676965)	(85.0, 0.00012718862251135808)	(86.0, 7.242685448563446e-05)	(87.0, 4.062969885779494e-05)	(88.0, 3.179715562783952e-05)	(89.0, 3.356366427383061e-05)	(90.0, 2.2964612397884098e-05)	(91.0, 2.1198103751893012e-05)	(92.0, 1.589857781391976e-05)	(93.0, 1.236556052193759e-05)	(94.0, 1.7665086459910843e-05)	(95.0, 1.943159510590193e-05)	(96.0, 2.826413833585735e-05)	(97.0, 2.826413833585735e-05)	(98.0, 2.6497629689866266e-05)	(99.0, 2.1198103751893012e-05)	(100.0, 1.7665086459910843e-05)
WW5-5.1	(0.0, 6.586598634921007e-05)	(1.0, 5.863679272551628e-05)	(2.0, 9.156978590012132e-05)	(3.0, 0.0001469936036817737)	(4.0, 0.00023374392716609915)	(5.0, 0.0003518207563530977)	(6.0, 0.0004650781231243003)	(7.0, 0.0007317550434650045)	(8.0, 0.0017430389070461688)	(9.0, 0.0035182075635309773)	(10.0, 0.0044700513906506594)	(11.0, 0.005696604575470705)	(12.0, 0.008475024658177018)	(13.0, 0.012691251028262428)	(14.0, 0.02012527180462754)	(15.0, 0.03244863720181755)	(16.0, 0.05574511527603877)	(17.0, 0.08815519677852995)	(18.0, 0.12239908373023146)	(19.0, 0.16463283612358653)	(20.0, 0.22880558467738032)	(21.0, 0.31873675335613105)	(22.0, 0.44189008295443455)	(23.0, 0.6151103978592334)	(24.0, 0.8423906226820143)	(25.0, 1.120903339472177)	(26.0, 1.4493023117282429)	(27.0, 1.8285988233137929)	(28.0, 2.260539126110817)	(29.0, 2.73452923848566)	(30.0, 3.2347806015641742)	(31.0, 3.7332712543734514)	(32.0, 4.20883331473958)	(33.0, 4.655530008210035)	(34.0, 5.040870125664992)	(35.0, 5.317795632832886)	(36.0, 5.477339919889128)	(37.0, 5.545660619095451)	(38.0, 5.517658739215941)	(39.0, 5.394735137326123)	(40.0, 5.2040755976697675)	(41.0, 4.908585521276228)	(42.0, 4.523749037643721)	(43.0, 4.094548599230077)	(44.0, 3.632094673391177)	(45.0, 3.1676221960437947)	(46.0, 2.7103740928576907)	(47.0, 2.280122208393667)	(48.0, 1.8839495459154723)	(49.0, 1.5263968422625214)	(50.0, 1.2287918251121832)	(51.0, 0.9815333220884565)	(52.0, 0.7750715684144417)	(53.0, 0.6100154228420012)	(54.0, 0.4684131911160311)	(55.0, 0.3512673214190171)	(56.0, 0.2627538779342463)	(57.0, 0.19204834807584129)	(58.0, 0.14020298113791732)	(59.0, 0.1049445973476908)	(60.0, 0.07873314775564905)	(61.0, 0.06143609714535771)	(62.0, 0.048624359556700386)	(63.0, 0.03868903778653722)	(64.0, 0.031996410978468705)	(65.0, 0.027006660890648057)	(66.0, 0.02351335388293203)	(67.0, 0.02085381387314868)	(68.0, 0.0186224027746352)	(69.0, 0.017154073225289394)	(70.0, 0.015948404377604464)	(71.0, 0.01441983154806121)	(72.0, 0.012791656495258177)	(73.0, 0.011221314991444692)	(74.0, 0.00967266106850229)	(75.0, 0.00805332169679488)	(76.0, 0.006621138115567545)	(77.0, 0.005229116721138507)	(78.0, 0.004027464092133406)	(79.0, 0.002995295891417126)	(80.0, 0.0021904456679792176)	(81.0, 0.0015647187976617221)	(82.0, 0.0009791541141425252)	(83.0, 0.0006249236265815297)	(84.0, 0.00040563808666281814)	(85.0, 0.0002417763645257589)	(86.0, 0.00012530602281069232)	(87.0, 6.747247382114202e-05)	(88.0, 4.578489295006066e-05)	(89.0, 2.972001823074113e-05)	(90.0, 1.2048656039489648e-05)	(91.0, 4.819462415795859e-06)	(92.0, 3.2129749438639057e-06)	(93.0, 2.4097312078979297e-06)	(94.0, 1.6064874719319528e-06)	(95.0, 0.0)	(96.0, 8.032437359659764e-07)	(97.0, 1.6064874719319528e-06)	(98.0, 8.032437359659764e-07)	(99.0, 0.0)	(100.0, 0.0)
WW5-5.2	(0.0, 0.000560671076690084)	(1.0, 0.000494804273984372)	(2.0, 0.0004032333531496019)	(3.0, 0.00045062532095005317)	(4.0, 0.0005638840914562163)	(5.0, 0.0006562582659825194)	(6.0, 0.0008353838391943944)	(7.0, 0.001191225224543545)	(8.0, 0.0022515200973671993)	(9.0, 0.004088561289903334)	(10.0, 0.004973746857972779)	(11.0, 0.006156939545600993)	(12.0, 0.008984392539797404)	(13.0, 0.01307375708339227)	(14.0, 0.020749649359682303)	(15.0, 0.03336635509259226)	(16.0, 0.056796462020920424)	(17.0, 0.0889948862460236)	(18.0, 0.1227146729628904)	(19.0, 0.16425092135206554)	(20.0, 0.22774089638453102)	(21.0, 0.31853426764589715)	(22.0, 0.44278877793545646)	(23.0, 0.6142416718858075)	(24.0, 0.8419416023320704)	(25.0, 1.1214955748352506)	(26.0, 1.4465868023651325)	(27.0, 1.8243578167468275)	(28.0, 2.2578087705182117)	(29.0, 2.7323758709980996)	(30.0, 3.229658985874543)	(31.0, 3.7268449070543106)	(32.0, 4.20428926225727)	(33.0, 4.6532647001249146)	(34.0, 5.0376962941168015)	(35.0, 5.311343942226139)	(36.0, 5.4744197034274915)	(37.0, 5.537962693203599)	(38.0, 5.507141849059474)	(39.0, 5.391894222413075)	(40.0, 5.203055705563182)	(41.0, 4.915461966861448)	(42.0, 4.535242635227959)	(43.0, 4.100291203560792)	(44.0, 3.637748007589462)	(45.0, 3.1746923357629346)	(46.0, 2.7134391652202074)	(47.0, 2.281068587663935)	(48.0, 1.8847448227689005)	(49.0, 1.5294625019890569)	(50.0, 1.2321485903660805)	(51.0, 0.9829070024202836)	(52.0, 0.7778202698980599)	(53.0, 0.6126889825000741)	(54.0, 0.4702801355281758)	(55.0, 0.3524468352487319)	(56.0, 0.262690464503135)	(57.0, 0.19145632063059914)	(58.0, 0.13964244125825837)	(59.0, 0.10480613191016057)	(60.0, 0.07898875501059612)	(61.0, 0.060876187520216896)	(62.0, 0.04809963430269186)	(63.0, 0.038697549843297256)	(64.0, 0.031865073943116946)	(65.0, 0.02713230319260409)	(66.0, 0.023648591932425158)	(67.0, 0.02100749379466442)	(68.0, 0.01905398081685599)	(69.0, 0.017339837439124414)	(70.0, 0.015775902501709523)	(71.0, 0.014345307677089124)	(72.0, 0.012897041271254996)	(73.0, 0.011146751477404434)	(74.0, 0.009506507439293902)	(75.0, 0.008132140373080816)	(76.0, 0.006736085457196338)	(77.0, 0.005276573499680747)	(78.0, 0.003968876489864906)	(79.0, 0.00297605492713003)	(80.0, 0.002143080849010235)	(81.0, 0.0015028876568583768)	(82.0, 0.0010434265453014599)	(83.0, 0.0006546517585994533)	(84.0, 0.0004072496216072672)	(85.0, 0.0002393696000768553)	(86.0, 0.00011486527788922924)	(87.0, 7.148957854644337e-05)	(88.0, 4.8195221491984295e-05)	(89.0, 2.4097610745992147e-05)	(90.0, 1.767158121372757e-05)	(91.0, 1.767158121372757e-05)	(92.0, 1.606507383066143e-05)	(93.0, 1.68683275221945e-05)	(94.0, 2.168784967139293e-05)	(95.0, 2.168784967139293e-05)	(96.0, 2.7310625512124432e-05)	(97.0, 3.614641611898822e-05)	(98.0, 2.7310625512124432e-05)	(99.0, 1.68683275221945e-05)	(100.0, 2.0081342288326788e-05)
WW5-6.1	(0.0, 2.6515449939509973e-05)	(1.0, 1.9886587454632478e-05)	(2.0, 2.8172665560729346e-05)	(3.0, 4.9716468636581204e-05)	(4.0, 6.463140922755555e-05)	(5.0, 0.00010274736851560114)	(6.0, 0.00018229371833413107)	(7.0, 0.0004292188458958177)	(8.0, 0.0007672908326245698)	(9.0, 0.0013473163000513504)	(10.0, 0.0021278648576456755)	(11.0, 0.003185168423983636)	(12.0, 0.005263316812992729)	(13.0, 0.009189260619661424)	(14.0, 0.015914241610569643)	(15.0, 0.027286055203376982)	(16.0, 0.05100081074302621)	(17.0, 0.08519248344002432)	(18.0, 0.11894333678177807)	(19.0, 0.15742222629087071)	(20.0, 0.2180514597931815)	(21.0, 0.3076223069044674)	(22.0, 0.4327536868158786)	(23.0, 0.6056659075182868)	(24.0, 0.8316570873527304)	(25.0, 1.1102018889672824)	(26.0, 1.4386338524274016)	(27.0, 1.819261479093446)	(28.0, 2.2581882940983666)	(29.0, 2.7416627222172854)	(30.0, 3.2488651636008234)	(31.0, 3.7499110489515313)	(32.0, 4.227724428508364)	(33.0, 4.68128114301741)	(34.0, 5.0680122948164055)	(35.0, 5.344160762642675)	(36.0, 5.508148877224816)	(37.0, 5.579245084590748)	(38.0, 5.552683232613844)	(39.0, 5.427478935215099)	(40.0, 5.2406891909006)	(41.0, 4.955329918651594)	(42.0, 4.563388480939485)	(43.0, 4.121767033334462)	(44.0, 3.6550984288303288)	(45.0, 3.1878282550556927)	(46.0, 2.720135491297646)	(47.0, 2.2834774044781745)	(48.0, 1.8827576956204664)	(49.0, 1.5149304024127201)	(50.0, 1.2107401890597982)	(51.0, 0.9645243497839936)	(52.0, 0.7634228913646438)	(53.0, 0.6025586282285005)	(54.0, 0.4652583140104754)	(55.0, 0.34610119641356)	(56.0, 0.2532706061753356)	(57.0, 0.17996698760193905)	(58.0, 0.1276437187931798)	(59.0, 0.0930261416815283)	(60.0, 0.06680899055383782)	(61.0, 0.04917124469720002)	(62.0, 0.0358157440057931)	(63.0, 0.02480354620279036)	(64.0, 0.017414021747773175)	(65.0, 0.012157333797265323)	(66.0, 0.008466714608809777)	(67.0, 0.006033922076859738)	(68.0, 0.004234185912215499)	(69.0, 0.003156995758422906)	(70.0, 0.002477537353722963)	(71.0, 0.0017964217334018007)	(72.0, 0.0013705173187484217)	(73.0, 0.0011699942285808775)	(74.0, 0.0008733526323826098)	(75.0, 0.0006894016984272594)	(76.0, 0.00055516723310849)	(77.0, 0.00040601782719874646)	(78.0, 0.00026846893063753845)	(79.0, 0.00017732207147047295)	(80.0, 0.00015909269963705982)	(81.0, 0.00011600509348535612)	(82.0, 5.634533112145869e-05)	(83.0, 3.9773174909264955e-05)	(84.0, 3.6458743666826215e-05)	(85.0, 2.4858234318290602e-05)	(86.0, 1.1600509348535613e-05)	(87.0, 1.1600509348535613e-05)	(88.0, 6.628862484877493e-06)	(89.0, 8.286078106096867e-06)	(90.0, 8.286078106096867e-06)	(91.0, 4.9716468636581194e-06)	(92.0, 1.6572156212193733e-06)	(93.0, 0.0)	(94.0, 0.0)	(95.0, 0.0)	(96.0, 0.0)	(97.0, 0.0)	(98.0, 0.0)	(99.0, 0.0)	(100.0, 0.0)
WW5-6.2	(0.0, 0.0006927184026775389)	(1.0, 0.0005899706970172341)	(2.0, 0.0004623646754713717)	(3.0, 0.000455735791235223)	(4.0, 0.00048390854923885493)	(5.0, 0.0005369396231280446)	(6.0, 0.0006993472869136876)	(7.0, 0.0010341059408391967)	(8.0, 0.0014583545319527135)	(9.0, 0.0021411296082760297)	(10.0, 0.0029299668323777245)	(11.0, 0.003814922877903576)	(12.0, 0.006033941875954352)	(13.0, 0.01009413347059543)	(14.0, 0.01695668587606837)	(15.0, 0.02815784301410063)	(16.0, 0.05197376685352386)	(17.0, 0.08642076378667057)	(18.0, 0.11904150311275831)	(19.0, 0.15804420073719821)	(20.0, 0.2198519173550487)	(21.0, 0.3098572502924167)	(22.0, 0.4353005983562356)	(23.0, 0.6065843381340817)	(24.0, 0.8323972796384872)	(25.0, 1.108165492746509)	(26.0, 1.43617428529856)	(27.0, 1.8165645210846577)	(28.0, 2.2534477655522736)	(29.0, 2.7390864535767636)	(30.0, 3.2426297579230914)	(31.0, 3.7441446236931566)	(32.0, 4.220201259554294)	(33.0, 4.673661686275459)	(34.0, 5.065655783916935)	(35.0, 5.342660283934999)	(36.0, 5.511020685764703)	(37.0, 5.5837296025089005)	(38.0, 5.552056793628582)	(39.0, 5.425718546192883)	(40.0, 5.236690940535926)	(41.0, 4.949938666248605)	(42.0, 4.565730193142485)	(43.0, 4.128091255871948)	(44.0, 3.6596114346927298)	(45.0, 3.190531699490139)	(46.0, 2.7257971979043445)	(47.0, 2.2831534530355153)	(48.0, 1.8797361306340958)	(49.0, 1.5189027605656957)	(50.0, 1.2136442987121072)	(51.0, 0.9642805887377246)	(52.0, 0.7650312435886261)	(53.0, 0.6038548950498476)	(54.0, 0.4634120391806832)	(55.0, 0.3460377004533163)	(56.0, 0.2543801181200882)	(57.0, 0.18129335497443075)	(58.0, 0.12873127464494868)	(59.0, 0.09267511606347686)	(60.0, 0.06597065591815184)	(61.0, 0.04823839058645407)	(62.0, 0.03532532409443641)	(63.0, 0.02508866961276378)	(64.0, 0.01772895088957969)	(65.0, 0.012318124131823318)	(66.0, 0.008649036707115013)	(67.0, 0.00618143455020866)	(68.0, 0.004217627595249609)	(69.0, 0.003185178875469449)	(70.0, 0.002447715504197907)	(71.0, 0.001758311543638442)	(72.0, 0.001367207373705669)	(73.0, 0.0011235958780272041)	(74.0, 0.0009247293509427434)	(75.0, 0.0007010045079727247)	(76.0, 0.0005684268232497508)	(77.0, 0.0004375063595858141)	(78.0, 0.0002916709063905427)	(79.0, 0.00023698261144231592)	(80.0, 0.00017732265331697766)	(81.0, 0.00010771936883741634)	(82.0, 7.126050553859851e-05)	(83.0, 5.303107388918959e-05)	(84.0, 4.143052647592936e-05)	(85.0, 2.6515536944594794e-05)	(86.0, 1.822943164940892e-05)	(87.0, 1.6572210590371743e-05)	(88.0, 1.3257768472297397e-05)	(89.0, 1.3257768472297397e-05)	(90.0, 1.822943164940892e-05)	(91.0, 2.3201094826520443e-05)	(92.0, 2.1543873767483267e-05)	(93.0, 1.4914989531334571e-05)	(94.0, 8.286105295185872e-06)	(95.0, 1.6572210590371743e-05)	(96.0, 3.3144421180743487e-05)	(97.0, 2.9829979062669142e-05)	(98.0, 2.4858315885557615e-05)	(99.0, 2.3201094826520443e-05)	(100.0, 3.1487200121706314e-05)
