Sample	0	1	2	3	4	5	6	7	8	9	10	11	12	13	14	15	16	17	18	19	20	21	22	23	24	25	26	27	28	29	30	31	32	33	34	35	36	37	38	39	40	41	42	43	44	45	46	47	48	49	50	51	52	53	54	55	56	57	58	59	60	61	62	63	64	65	66	67	68	69	70	71	72	73	74	75	76	77	78	79	80	81	82	83	84	85	86	87	88	89	90	91	92	93	94	95	96	97	98	99	100	101	102	103	104	105	106	107	108	109	110	111	112	113	114	115	116	117	118	119	120	121	122	123	124	125	126	127	128	129	130	131	132	133	134	135	136	137	138	139	140	141	142	143	144	145	146	147	148	149
BH3-2.1	(1, 36.626159569802375)	(2, 36.649872557194094)	(3, 36.69438425614703)	(4, 36.70495176341139)	(5, 36.70045393370418)	(6, 36.704645855039686)	(7, 36.700238045362795)	(8, 36.69598599657992)	(9, 36.699192626435355)	(10, 36.704294491686895)	(11, 36.699049233312294)	(12, 36.70616818616827)	(13, 36.69651386308467)	(14, 36.703261029792635)	(15, 36.69964060444172)	(16, 36.69925670152918)	(17, 36.687876640840386)	(18, 36.684762906179735)	(19, 36.682419236401955)	(20, 36.688019554769376)	(21, 36.67067875331043)	(22, 36.67211003756425)	(23, 36.67788450875077)	(24, 36.6688908117502)	(25, 36.66568705705924)	(26, 36.63813081907046)	(27, 36.65235711003072)	(28, 36.65489750038678)	(29, 36.63752007480904)	(30, 36.64150833866152)	(31, 36.641642193540555)	(32, 36.63615501061301)	(33, 36.63438445695217)	(34, 36.632524905203994)	(35, 36.61516695446285)	(36, 36.623462092812595)	(37, 36.6223097133951)	(38, 36.60933932139142)	(39, 36.607641152844494)	(40, 36.615730637410635)	(41, 36.61371554517011)	(42, 36.6070648328695)	(43, 36.59785775521095)	(44, 36.601929457402974)	(45, 36.59642716834513)	(46, 36.598099681334574)	(47, 36.58753388344973)	(48, 36.59420994518058)	(49, 36.5825505526007)	(50, 36.5823743949982)	(51, 36.57100235486366)	(52, 36.57760162852102)	(53, 36.561317323202296)	(54, 36.56367899626874)	(55, 36.558372871375084)	(56, 36.54984306021067)	(57, 36.54184503298155)	(58, 36.55085488712932)	(59, 36.54720458143857)	(60, 36.54052039736634)	(61, 36.53998411722561)	(62, 36.53990990953282)	(63, 36.52270057917415)	(64, 36.49835350638033)	(65, 36.50629207707431)	(66, 36.50259486724738)	(67, 36.50244617499693)	(68, 36.50461694804894)	(69, 36.52093218180408)	(70, 36.5171135770015)	(71, 36.49973092409312)	(72, 36.485962468935156)	(73, 36.48978848753085)	(74, 36.49952082239805)	(75, 36.490956458465824)	(76, 36.493574799384895)	(77, 36.48084776567497)	(78, 36.468276461266754)	(79, 36.466118927813405)	(80, 36.45405694000895)	(81, 36.45325110641259)	(82, 36.45521250070071)	(83, 36.44152288835718)	(84, 36.44647311337507)	(85, 36.43359215733006)	(86, 36.41318679907729)	(87, 36.430863335606105)	(88, 36.41513529477976)	(89, 36.37994175253064)	(90, 36.388333049081645)	(91, 36.406347015064995)	(92, 36.358273284825835)	(93, 36.37660407162473)	(94, 36.39508602909053)	(95, 36.38354692835299)	(96, 36.36887562034633)	(97, 36.369682576675146)	(98, 36.392677357824034)	(99, 36.381716951444865)	(100, 36.34589566994589)	(101, 36.357811446083275)	(102, 36.3757308493889)	(103, 36.357280622317916)	(104, 36.34264683337757)	(105, 36.34249833460944)	(106, 36.31974096672599)	(107, 36.328654558053465)	(108, 36.32556647374085)	(109, 36.32472599911157)	(110, 36.333229071598886)	(111, 36.29904578055637)	(112, 36.29118984878327)	(113, 36.28167187082631)	(114, 36.22113213304395)	(115, 36.25031655831515)	(116, 36.30114330975785)	(117, 36.264326362328454)	(118, 36.19692230102507)	(119, 36.20657096943402)	(120, 36.25316840634579)	(121, 36.244374463880604)	(122, 36.244463772187395)	(123, 36.22347602717073)	(124, 36.205457173287776)	(125, 36.19070581031707)	(126, 36.208236907136616)	(127, 36.21467527156596)	(128, 36.22595712737447)	(129, 36.244370054235716)	(130, 36.16114206759922)	(131, 36.04215590237738)	(132, 36.106227248093795)	(133, 36.144090587323966)	(134, 36.14416905173069)	(135, 36.1869506820703)	(136, 36.10553912548899)	(137, 36.10068925636979)	(138, 36.12651223938378)	(139, 36.11645580136111)	(140, 36.0107074047069)	(141, 36.02582692374921)	(142, 36.08384315802929)	(143, 36.02759831486048)	(144, 36.05897538124493)	(145, 36.06779071451215)	(146, 36.05600265168754)	(147, 36.04103141965585)	(148, 35.99163330239597)	(149, 35.97811451621779)	(150, 35.952395911816524)
BH3-2.2	(1, 36.70708381195694)	(2, 36.664092025343436)	(3, 36.67072265661546)	(4, 36.668617579850846)	(5, 36.655949605212534)	(6, 36.65765250123336)	(7, 36.63967966560468)	(8, 36.63458485135172)	(9, 36.64003625445479)	(10, 36.64693251897722)	(11, 36.641406201866666)	(12, 36.643744577690825)	(13, 36.63256502549541)	(14, 36.630993314558054)	(15, 36.63571173327236)	(16, 36.63868460769294)	(17, 36.62657185925933)	(18, 36.62996195199023)	(19, 36.62293509567224)	(20, 36.63071383031692)	(21, 36.609933373768186)	(22, 36.61154446989497)	(23, 36.621750710462265)	(24, 36.61178224143258)	(25, 36.60412408114536)	(26, 36.58854972596944)	(27, 36.58980790706738)	(28, 36.576753063077)	(29, 36.585339445111515)	(30, 36.57357066675064)	(31, 36.57038922881243)	(32, 36.55592938778621)	(33, 36.55763586635323)	(34, 36.545264581682616)	(35, 36.55510547285942)	(36, 36.54328211880792)	(37, 36.52292805821809)	(38, 36.537485199335705)	(39, 36.540840232311254)	(40, 36.5336325718578)	(41, 36.537198876602965)	(42, 36.54058415172478)	(43, 36.53115911958191)	(44, 36.51838250166373)	(45, 36.497339251098694)	(46, 36.50878699876728)	(47, 36.48535991582499)	(48, 36.48777958816177)	(49, 36.464930372906146)	(50, 36.47082630148817)	(51, 36.47750118231522)	(52, 36.48486328996566)	(53, 36.459023512298714)	(54, 36.44222159662308)	(55, 36.44490052805172)	(56, 36.44048957442289)	(57, 36.431810084594666)	(58, 36.43169151663521)	(59, 36.413447300084556)	(60, 36.40367488490043)	(61, 36.42234276451771)	(62, 36.42068251765257)	(63, 36.39888665337313)	(64, 36.40959099334208)	(65, 36.385959562755914)	(66, 36.3893556821801)	(67, 36.3773746736699)	(68, 36.39061713161228)	(69, 36.390239657206145)	(70, 36.386415714704775)	(71, 36.36646875242286)	(72, 36.360319088712515)	(73, 36.375444195813515)	(74, 36.33657749953266)	(75, 36.31915389137995)	(76, 36.33496608113868)	(77, 36.322548188297745)	(78, 36.2976977961595)	(79, 36.291586594083206)	(80, 36.275988955003434)	(81, 36.29251432748471)	(82, 36.28320113883359)	(83, 36.22771592391608)	(84, 36.23195036696617)	(85, 36.25644586463602)	(86, 36.222194433805974)	(87, 36.21150053439146)	(88, 36.19407542169143)	(89, 36.21731873006854)	(90, 36.21311314387038)	(91, 36.19746848906113)	(92, 36.15877719813453)	(93, 36.172537594380096)	(94, 36.18984128657048)	(95, 36.212254552318406)	(96, 36.17465673402619)	(97, 36.169183090090144)	(98, 36.1722878893607)	(99, 36.168822657411)	(100, 36.138096280259944)	(101, 36.10469024467835)	(102, 36.113351541216495)	(103, 36.166847091070494)	(104, 36.12181590896207)	(105, 36.10162450088744)	(106, 36.11147267206536)	(107, 36.10405890405873)	(108, 36.03759098902137)	(109, 35.96688877876832)	(110, 35.98527402187911)	(111, 36.00506001781851)	(112, 35.98139774083058)	(113, 35.96550896970739)	(114, 35.981612644533534)	(115, 36.05784776913047)	(116, 36.05553712518062)	(117, 36.02215119864051)	(118, 35.99476412918107)	(119, 36.00296827530218)	(120, 36.00476634768668)	(121, 35.95640321536426)	(122, 35.96611620714912)	(123, 35.973055249955586)	(124, 35.89426140013157)	(125, 35.908863951659896)	(126, 35.97746168132625)	(127, 35.92051338586574)	(128, 35.87972026199061)	(129, 35.845959289506105)	(130, 35.84514331601875)	(131, 35.849950467645506)	(132, 35.86641415110393)	(133, 35.8067625658014)	(134, 35.66943873265779)	(135, 35.68931899075629)	(136, 35.76686621095242)	(137, 35.77483261214722)	(138, 35.78646098885557)	(139, 35.733465732910695)	(140, 35.75710360486735)	(141, 35.78989724867139)	(142, 35.7688348576526)	(143, 35.783180338816045)	(144, 35.76596539327549)	(145, 35.68541096621495)	(146, 35.61539989301081)	(147, 35.566448736325604)	(148, 35.53334267868707)	(149, 35.507398506121)	(150, 35.496065227512744)
WW1-2.1	(1, 36.614679916252506)	(2, 36.63927440041721)	(3, 36.678837020824915)	(4, 36.6876673546719)	(5, 36.685922663999065)	(6, 36.69323443827484)	(7, 36.69384410628003)	(8, 36.69042785918456)	(9, 36.688364261389836)	(10, 36.690172098263844)	(11, 36.684880229292176)	(12, 36.6893991737167)	(13, 36.68208775466443)	(14, 36.68958196755121)	(15, 36.688310142044685)	(16, 36.68682062721855)	(17, 36.676324274256444)	(18, 36.67372445613924)	(19, 36.671116446986005)	(20, 36.676677951490426)	(21, 36.657711941907834)	(22, 36.658352974058616)	(23, 36.66503635796115)	(24, 36.65535062502829)	(25, 36.65465591233786)	(26, 36.62609477271066)	(27, 36.640810533103966)	(28, 36.64236898218479)	(29, 36.62593544452272)	(30, 36.629734079269255)	(31, 36.62984135676655)	(32, 36.62547883605545)	(33, 36.623052534170725)	(34, 36.62046466201046)	(35, 36.60327308967011)	(36, 36.61117230427485)	(37, 36.6103562926619)	(38, 36.59943282702531)	(39, 36.597493740362)	(40, 36.60542518823595)	(41, 36.60431440743105)	(42, 36.59750323294112)	(43, 36.58857624821204)	(44, 36.593098226777734)	(45, 36.587874467968405)	(46, 36.58734064923269)	(47, 36.57684291135186)	(48, 36.58426604669762)	(49, 36.57292491431548)	(50, 36.57380245812603)	(51, 36.563794559430825)	(52, 36.56991977888304)	(53, 36.55511087821656)	(54, 36.556703940234804)	(55, 36.55199816457069)	(56, 36.543592059730514)	(57, 36.5362648117469)	(58, 36.543138843595)	(59, 36.53833330548391)	(60, 36.53246084768796)	(61, 36.535767826174386)	(62, 36.537013851765224)	(63, 36.5191803887081)	(64, 36.49511035674136)	(65, 36.50196587807737)	(66, 36.50054288798305)	(67, 36.50002579261373)	(68, 36.50122207910396)	(69, 36.516744121452994)	(70, 36.51235805021619)	(71, 36.497318609534375)	(72, 36.483195580252435)	(73, 36.48897737209083)	(74, 36.50048130526087)	(75, 36.490129148102)	(76, 36.49278136876556)	(77, 36.480677393141555)	(78, 36.46550123500869)	(79, 36.46319951113019)	(80, 36.4525727344153)	(81, 36.45376560499373)	(82, 36.45572707793574)	(83, 36.441967766781715)	(84, 36.445140382369445)	(85, 36.43629671795803)	(86, 36.41858753087009)	(87, 36.43422142095461)	(88, 36.417211419666984)	(89, 36.380666803589044)	(90, 36.38736862990668)	(91, 36.409530609278605)	(92, 36.36267503649831)	(93, 36.3812309760748)	(94, 36.39797695835063)	(95, 36.387772756905214)	(96, 36.37297140153159)	(97, 36.37592770413714)	(98, 36.39850758032773)	(99, 36.38549473565332)	(100, 36.34851140518048)	(101, 36.3604128109361)	(102, 36.37813354509686)	(103, 36.362502528384816)	(104, 36.347346853581165)	(105, 36.35016799438577)	(106, 36.3288756758637)	(107, 36.33862960320988)	(108, 36.33181745973381)	(109, 36.330100978922886)	(110, 36.33918369839098)	(111, 36.305305084540336)	(112, 36.296606068279075)	(113, 36.28630760570428)	(114, 36.22602113784256)	(115, 36.260558010171714)	(116, 36.311901420254394)	(117, 36.278164564438505)	(118, 36.209788214010786)	(119, 36.21827144119624)	(120, 36.260420482370876)	(121, 36.25353960888242)	(122, 36.252535609378185)	(123, 36.23289751516062)	(124, 36.212485221295786)	(125, 36.20212945434629)	(126, 36.220719672942245)	(127, 36.23096711529234)	(128, 36.239676459342)	(129, 36.25973208715646)	(130, 36.17722318555106)	(131, 36.05816843831934)	(132, 36.11720924984129)	(133, 36.15626023235502)	(134, 36.155444752268096)	(135, 36.20024254352193)	(136, 36.12178166969862)	(137, 36.11834439256818)	(138, 36.14350514716626)	(139, 36.13709843542289)	(140, 36.02997010357728)	(141, 36.047740132332805)	(142, 36.10292090414794)	(143, 36.04570095324114)	(144, 36.07315732124776)	(145, 36.08389788451922)	(146, 36.07540738835136)	(147, 36.060136341832056)	(148, 36.01287726067661)	(149, 36.0053013546368)	(150, 35.97725958174829)
WW1-2.2	(1, 36.69569749534417)	(2, 36.66013383484205)	(3, 36.6690958730259)	(4, 36.64003225930881)	(5, 36.63048853219434)	(6, 36.644874686969736)	(7, 36.63575227582294)	(8, 36.627945508046295)	(9, 36.63394084492292)	(10, 36.62992623428779)	(11, 36.62947158999752)	(12, 36.62958434211584)	(13, 36.61702560329801)	(14, 36.621796839990246)	(15, 36.62175191466512)	(16, 36.628534008909924)	(17, 36.61830829446457)	(18, 36.61596373577607)	(19, 36.608471403484295)	(20, 36.61619751463071)	(21, 36.59822939054889)	(22, 36.59602441380078)	(23, 36.60618501786795)	(24, 36.59950928171844)	(25, 36.59171049602281)	(26, 36.57874625913087)	(27, 36.577361388969024)	(28, 36.56352606047066)	(29, 36.57343957524965)	(30, 36.55857934336894)	(31, 36.55844941514958)	(32, 36.54576066453039)	(33, 36.545308736655144)	(34, 36.53026008476885)	(35, 36.54198333747361)	(36, 36.5306297199019)	(37, 36.51518032745488)	(38, 36.52524535125047)	(39, 36.52971861745025)	(40, 36.52035756824188)	(41, 36.52482402197469)	(42, 36.52884513289836)	(43, 36.51919883260205)	(44, 36.509321596447506)	(45, 36.48693803527093)	(46, 36.49818797086795)	(47, 36.47498371340684)	(48, 36.47804146784563)	(49, 36.45674519580433)	(50, 36.45916524571683)	(51, 36.46688672557389)	(52, 36.473893718825636)	(53, 36.44810805239984)	(54, 36.43117961573611)	(55, 36.435761797292656)	(56, 36.4321979440098)	(57, 36.42588945494149)	(58, 36.42487679056314)	(59, 36.40546376102638)	(60, 36.39492147157431)	(61, 36.41427161477544)	(62, 36.412051674099374)	(63, 36.390717222830816)	(64, 36.39919924261988)	(65, 36.37494572440271)	(66, 36.382263953740846)	(67, 36.371978234342805)	(68, 36.38542522371428)	(69, 36.383865250846405)	(70, 36.380632069843465)	(71, 36.360673749518355)	(72, 36.35303962997914)	(73, 36.36923227983818)	(74, 36.32871928575813)	(75, 36.31252759164367)	(76, 36.3288194753288)	(77, 36.31714588210357)	(78, 36.29361432740595)	(79, 36.28893685355583)	(80, 36.27126435349485)	(81, 36.28922460635395)	(82, 36.28006159850052)	(83, 36.22381990845934)	(84, 36.22446309259346)	(85, 36.25282135583855)	(86, 36.22068552414545)	(87, 36.20924041911426)	(88, 36.19008568681699)	(89, 36.21393765832516)	(90, 36.21082557654006)	(91, 36.1976922903452)	(92, 36.15733791091453)	(93, 36.1707396920977)	(94, 36.18702495120745)	(95, 36.20948295815907)	(96, 36.17020587263362)	(97, 36.170397165174805)	(98, 36.171098911138735)	(99, 36.16677013244776)	(100, 36.135389742440395)	(101, 36.10257499419927)	(102, 36.11130311132846)	(103, 36.16698926922175)	(104, 36.12281066871063)	(105, 36.100282847844845)	(106, 36.1107272627357)	(107, 36.10479433670826)	(108, 36.03366076265659)	(109, 35.96766060080542)	(110, 35.98451973774782)	(111, 36.00456172912936)	(112, 35.98301103828244)	(113, 35.963307163092786)	(114, 35.980958656969605)	(115, 36.06010445228216)	(116, 36.05572285782674)	(117, 36.02407085619083)	(118, 35.997068974206684)	(119, 36.00494425522324)	(120, 36.00436578155183)	(121, 35.96281032349544)	(122, 35.965925991607186)	(123, 35.974095225402216)	(124, 35.892819750974276)	(125, 35.90998570916641)	(126, 35.979373152150146)	(127, 35.92455637039106)	(128, 35.88172018450593)	(129, 35.85134234227982)	(130, 35.85231281465071)	(131, 35.85277446372793)	(132, 35.86897358521832)	(133, 35.8140292623758)	(134, 35.669833453555924)	(135, 35.69088767357183)	(136, 35.77066428363712)	(137, 35.77795538896579)	(138, 35.79236139674124)	(139, 35.74337446399893)	(140, 35.762665682151365)	(141, 35.79808766153889)	(142, 35.77831428862971)	(143, 35.7919997153469)	(144, 35.76964226087846)	(145, 35.69475476197482)	(146, 35.61827228478199)	(147, 35.568274133673334)	(148, 35.535922281869645)	(149, 35.51321981500001)	(150, 35.50338144274237)
WW1-4.1	(1, 36.641185348994625)	(2, 36.66197048975866)	(3, 36.69566168211095)	(4, 36.70053613076032)	(5, 36.69743414055299)	(6, 36.699307862119866)	(7, 36.696496594364135)	(8, 36.69053887348753)	(9, 36.689709975114255)	(10, 36.6948184123335)	(11, 36.69167700025902)	(12, 36.70017514319722)	(13, 36.69117736181038)	(14, 36.69933832949672)	(15, 36.69488005460249)	(16, 36.69173802345214)	(17, 36.679219933447136)	(18, 36.67468274848904)	(19, 36.673047857549754)	(20, 36.67911953260656)	(21, 36.66290892034163)	(22, 36.66483165945167)	(23, 36.67172997767679)	(24, 36.661759009018716)	(25, 36.65995440285102)	(26, 36.63177130541323)	(27, 36.64498435230458)	(28, 36.64628534025018)	(29, 36.62871061641053)	(30, 36.63379645736043)	(31, 36.63437655356261)	(32, 36.63080464054852)	(33, 36.62948180806857)	(34, 36.62737082185528)	(35, 36.60835078036466)	(36, 36.61553480570568)	(37, 36.61405588872383)	(38, 36.603982109096926)	(39, 36.60160018292154)	(40, 36.609892678302224)	(41, 36.60957246276573)	(42, 36.602745524849766)	(43, 36.594710928396566)	(44, 36.59857330447289)	(45, 36.59222062566833)	(46, 36.591836476319195)	(47, 36.5817346611629)	(48, 36.58854282479271)	(49, 36.57675320601109)	(50, 36.57940021552523)	(51, 36.569960525590396)	(52, 36.576447805491114)	(53, 36.56214105708224)	(54, 36.56296199319043)	(55, 36.556583882421776)	(56, 36.54730085002251)	(57, 36.53929166436594)	(58, 36.54716947195867)	(59, 36.5440267129548)	(60, 36.53758730737813)	(61, 36.54164561859938)	(62, 36.54424506274951)	(63, 36.526122670814196)	(64, 36.50207351029028)	(65, 36.50912181711937)	(66, 36.50485336902543)	(67, 36.50411920531005)	(68, 36.506042152126916)	(69, 36.522267387229924)	(70, 36.518414913071545)	(71, 36.50431463128412)	(72, 36.49145281975663)	(73, 36.496867258715284)	(74, 36.508264084991715)	(75, 36.49842283879436)	(76, 36.4996330736522)	(77, 36.485802341784854)	(78, 36.470401110185605)	(79, 36.46845461086989)	(80, 36.45820855622745)	(81, 36.46082211552404)	(82, 36.462993310574426)	(83, 36.451084882855554)	(84, 36.45403828910243)	(85, 36.44413993776558)	(86, 36.42526363620119)	(87, 36.44067301063074)	(88, 36.42278447737945)	(89, 36.386068386196676)	(90, 36.39296671125536)	(91, 36.415127183713054)	(92, 36.369541582477346)	(93, 36.389952822756136)	(94, 36.406735132362144)	(95, 36.397399206893)	(96, 36.38161927933383)	(97, 36.38384222851691)	(98, 36.40395323536862)	(99, 36.39140172496562)	(100, 36.35454881570088)	(101, 36.368122524208964)	(102, 36.38551110836248)	(103, 36.36957499187854)	(104, 36.35669926912941)	(105, 36.358298283085624)	(106, 36.338270116080935)	(107, 36.34611975360154)	(108, 36.33770886667489)	(109, 36.335630459734126)	(110, 36.34509560650435)	(111, 36.31182956499899)	(112, 36.30330711047199)	(113, 36.29427840263843)	(114, 36.235504309517275)	(115, 36.2686036460286)	(116, 36.320646834838854)	(117, 36.285327255559444)	(118, 36.21588166641315)	(119, 36.223877932611785)	(120, 36.26741539800281)	(121, 36.25827113211037)	(122, 36.25868808874189)	(123, 36.23926601101512)	(124, 36.221874668734564)	(125, 36.211749706844586)	(126, 36.22777287738088)	(127, 36.238158057534115)	(128, 36.246624400271486)	(129, 36.26603097729136)	(130, 36.18211120332239)	(131, 36.06094038677207)	(132, 36.121657389872865)	(133, 36.162119920029305)	(134, 36.1626096065033)	(135, 36.20685741473302)	(136, 36.12883550517995)	(137, 36.12560699206993)	(138, 36.15119986981175)	(139, 36.14348761750097)	(140, 36.03463798957005)	(141, 36.05123683933935)	(142, 36.10601011758996)	(143, 36.048164668976874)	(144, 36.07910143086584)	(145, 36.08926318955563)	(146, 36.08178540112956)	(147, 36.06393078967532)	(148, 36.01608028450439)	(149, 36.00694011729179)	(150, 35.98012106812642)
WW1-4.2	(1, 36.67649686189335)	(2, 36.68798317351779)	(3, 36.689965808218474)	(4, 36.68055437359968)	(5, 36.665151191041176)	(6, 36.66906463494809)	(7, 36.653735542505586)	(8, 36.646716791913455)	(9, 36.65191565842975)	(10, 36.64869098065045)	(11, 36.649011352414355)	(12, 36.64905893281711)	(13, 36.63764573847516)	(14, 36.64025027910925)	(15, 36.641189815184845)	(16, 36.646486761007196)	(17, 36.63399982378448)	(18, 36.63129901685224)	(19, 36.626600628958975)	(20, 36.63207582441284)	(21, 36.61328333411271)	(22, 36.61266536373305)	(23, 36.62472288339894)	(24, 36.617646227102895)	(25, 36.608832753447174)	(26, 36.59495462008032)	(27, 36.5943951523706)	(28, 36.580094543940625)	(29, 36.59066674581994)	(30, 36.57697656830988)	(31, 36.575663596824185)	(32, 36.563735375576194)	(33, 36.56255568228186)	(34, 36.54756568246771)	(35, 36.559244308801084)	(36, 36.54879119171565)	(37, 36.53023786501618)	(38, 36.5427190738211)	(39, 36.54780212414361)	(40, 36.53916479839775)	(41, 36.54362051201083)	(42, 36.547120631546356)	(43, 36.53938008541061)	(44, 36.52821906194921)	(45, 36.50658203200949)	(46, 36.51639422872295)	(47, 36.49380124129233)	(48, 36.49561189543777)	(49, 36.47169809649986)	(50, 36.4786765148176)	(51, 36.48684630874238)	(52, 36.49402801525773)	(53, 36.46708274546017)	(54, 36.452295407077685)	(55, 36.45567914904349)	(56, 36.45095325779595)	(57, 36.44329205545444)	(58, 36.44087383487177)	(59, 36.42183343496567)	(60, 36.41307130510681)	(61, 36.434000388593084)	(62, 36.43257223094627)	(63, 36.41072857914079)	(64, 36.42154059865741)	(65, 36.39853963838665)	(66, 36.40395810772829)	(67, 36.39112116782581)	(68, 36.40563252918979)	(69, 36.40363215811434)	(70, 36.40122796331695)	(71, 36.38296906312937)	(72, 36.37533364674689)	(73, 36.39111534615114)	(74, 36.35314270426972)	(75, 36.33710782620197)	(76, 36.3528069312358)	(77, 36.339115337233345)	(78, 36.31559077187721)	(79, 36.30780763869174)	(80, 36.292218056580474)	(81, 36.31065402163946)	(82, 36.30228013840307)	(83, 36.24577615051303)	(84, 36.251703192560285)	(85, 36.27911904751441)	(86, 36.24469517961218)	(87, 36.233670798053204)	(88, 36.21480648972652)	(89, 36.23549968178113)	(90, 36.23185519891763)	(91, 36.22019133006337)	(92, 36.18078719315001)	(93, 36.196089056708544)	(94, 36.211769902510945)	(95, 36.23450834596665)	(96, 36.19760158367053)	(97, 36.19491022961466)	(98, 36.19468579892001)	(99, 36.191154224890155)	(100, 36.158850637149506)	(101, 36.126522031120324)	(102, 36.13493105796339)	(103, 36.19196313170129)	(104, 36.14726334917389)	(105, 36.12842894761672)	(106, 36.13699250104476)	(107, 36.13105511344465)	(108, 36.06048227411904)	(109, 35.99432069165707)	(110, 36.010095637719516)	(111, 36.031113928658684)	(112, 36.00447919606759)	(113, 35.98846214983239)	(114, 36.006693855513646)	(115, 36.083838608409806)	(116, 36.08184482422203)	(117, 36.05230781768677)	(118, 36.023880502752206)	(119, 36.03164843227791)	(120, 36.03019466929021)	(121, 35.98538697566373)	(122, 35.9903364059041)	(123, 35.99901921898919)	(124, 35.918406577897564)	(125, 35.93701956977007)	(126, 36.008430862007)	(127, 35.95254636266967)	(128, 35.91037924356891)	(129, 35.88023581203598)	(130, 35.878635015869406)	(131, 35.88173673221721)	(132, 35.894875893860096)	(133, 35.8385678715802)	(134, 35.695883519366824)	(135, 35.71906642443665)	(136, 35.79606527139716)	(137, 35.80617952939728)	(138, 35.82219990438425)	(139, 35.770577039886795)	(140, 35.789659951189186)	(141, 35.82311333538822)	(142, 35.8033833762965)	(143, 35.81543910624738)	(144, 35.79450669973631)	(145, 35.71749073218247)	(146, 35.64015741239781)	(147, 35.59281817557827)	(148, 35.55810433613461)	(149, 35.53572844124272)	(150, 35.527614264616645)
WW2-1.1	(1, 36.62536366534911)	(2, 36.65234034975989)	(3, 36.69011937456639)	(4, 36.69766674522743)	(5, 36.69533715798611)	(6, 36.70216469135886)	(7, 36.70245946279759)	(8, 36.697899669217286)	(9, 36.69905750576615)	(10, 36.700899730206594)	(11, 36.69639236495593)	(12, 36.70113522861949)	(13, 36.69325771885073)	(14, 36.700872555741114)	(15, 36.69859361925162)	(16, 36.69674162834914)	(17, 36.686223639108384)	(18, 36.682766761051965)	(19, 36.681230157404514)	(20, 36.68713482141115)	(21, 36.67003037512715)	(22, 36.670941720885345)	(23, 36.67718332783203)	(24, 36.66728659182247)	(25, 36.665254370874855)	(26, 36.63916802819933)	(27, 36.652622310379186)	(28, 36.65417995891343)	(29, 36.63713161870629)	(30, 36.64148241408552)	(31, 36.642586759844434)	(32, 36.638641722141905)	(33, 36.63631011213962)	(34, 36.634468813094884)	(35, 36.616683458806584)	(36, 36.623750523906274)	(37, 36.62363454680834)	(38, 36.612230823247025)	(39, 36.609928122603684)	(40, 36.61861991036394)	(41, 36.6175690379723)	(42, 36.61069777862853)	(43, 36.60253499512576)	(44, 36.60739667496484)	(45, 36.601696342274494)	(46, 36.601800145550264)	(47, 36.59195431826322)	(48, 36.5991729746647)	(49, 36.58651473541192)	(50, 36.588390579042986)	(51, 36.57861753398072)	(52, 36.5843544977745)	(53, 36.57001801718045)	(54, 36.57119702250818)	(55, 36.5668992137328)	(56, 36.55836774768768)	(57, 36.55143409328328)	(58, 36.55868839388927)	(59, 36.55449456201982)	(60, 36.54914131997669)	(61, 36.55081911306812)	(62, 36.55316367327741)	(63, 36.535238709340085)	(64, 36.5107637922416)	(65, 36.51836175408141)	(66, 36.51569458151622)	(67, 36.516265210484534)	(68, 36.519002026485516)	(69, 36.53363727061541)	(70, 36.52883167168104)	(71, 36.514310302241825)	(72, 36.50054182486878)	(73, 36.50489425560989)	(74, 36.51668317709043)	(75, 36.5074375445443)	(76, 36.509768648852635)	(77, 36.497960824651166)	(78, 36.482921617558084)	(79, 36.48173643523345)	(80, 36.47152212224815)	(81, 36.473296998200325)	(82, 36.474628765761565)	(83, 36.46113908580571)	(84, 36.463331198437366)	(85, 36.45446346977748)	(86, 36.43617987014845)	(87, 36.45208714237405)	(88, 36.43615762840104)	(89, 36.40050030352538)	(90, 36.40880544019805)	(91, 36.430248311925475)	(92, 36.38422417075221)	(93, 36.40341682438822)	(94, 36.41859539318767)	(95, 36.40919367175724)	(96, 36.39401818410814)	(97, 36.39580324233047)	(98, 36.41706135908045)	(99, 36.40665635056635)	(100, 36.37068455417901)	(101, 36.38361673862647)	(102, 36.40080136861108)	(103, 36.38492361769684)	(104, 36.37000366210707)	(105, 36.372162510603665)	(106, 36.35127660792327)	(107, 36.35834584592169)	(108, 36.35249488119427)	(109, 36.35148950393699)	(110, 36.36158479063889)	(111, 36.32925973668062)	(112, 36.32119572593729)	(113, 36.31208767395021)	(114, 36.25400401907586)	(115, 36.28464181604879)	(116, 36.33432055222777)	(117, 36.30063440798818)	(118, 36.23528210271277)	(119, 36.24197084225018)	(120, 36.284134942821154)	(121, 36.278490810586916)	(122, 36.27876646279564)	(123, 36.2588944655641)	(124, 36.24017593712962)	(125, 36.23014760636937)	(126, 36.24601381264126)	(127, 36.25600630956118)	(128, 36.26417923620216)	(129, 36.285084341405685)	(130, 36.20382611708186)	(131, 36.08605452279496)	(132, 36.14565929294113)	(133, 36.185980296324736)	(134, 36.186037717172105)	(135, 36.228362374332036)	(136, 36.15054392981209)	(137, 36.14647426241976)	(138, 36.17226190355128)	(139, 36.164593528695036)	(140, 36.05980166751497)	(141, 36.078637555874444)	(142, 36.13311640369295)	(143, 36.077512382685256)	(144, 36.105185575516835)	(145, 36.11436337746204)	(146, 36.106239690611304)	(147, 36.090888965854454)	(148, 36.04420315794386)	(149, 36.033950661823845)	(150, 36.00870370023189)
WW2-1.2	(1, 36.640993478026125)	(2, 36.675252755730874)	(3, 36.68791466727472)	(4, 36.66342977918908)	(5, 36.673352627203826)	(6, 36.67303715822108)	(7, 36.66190772307503)	(8, 36.65270177015081)	(9, 36.657363498624576)	(10, 36.65107569508656)	(11, 36.651301672220576)	(12, 36.650851086891784)	(13, 36.63801654598037)	(14, 36.64069795060602)	(15, 36.64279009840119)	(16, 36.64947656973657)	(17, 36.63930159171878)	(18, 36.63450372530252)	(19, 36.63018032913999)	(20, 36.63565972297778)	(21, 36.61719816754202)	(22, 36.615608113968484)	(23, 36.62571554402923)	(24, 36.62038657005225)	(25, 36.61156884420971)	(26, 36.599806100994414)	(27, 36.598613121527784)	(28, 36.58471417927853)	(29, 36.595183908303135)	(30, 36.58103287691469)	(31, 36.57974194678075)	(32, 36.56858435643664)	(33, 36.566993730769084)	(34, 36.552548839013745)	(35, 36.56355254638737)	(36, 36.55414006959176)	(37, 36.53835163714846)	(38, 36.549836027755596)	(39, 36.5534160960334)	(40, 36.544381407043446)	(41, 36.547733523476346)	(42, 36.55173755073249)	(43, 36.54355741105851)	(44, 36.53258406609137)	(45, 36.511845597883486)	(46, 36.52263742698574)	(47, 36.50240995335617)	(48, 36.503208216765735)	(49, 36.48133784372672)	(50, 36.48485614110884)	(51, 36.49367221659084)	(52, 36.498942338000646)	(53, 36.47332757922305)	(54, 36.45790733496281)	(55, 36.46277463664124)	(56, 36.45935728461363)	(57, 36.453303522163736)	(58, 36.451187874441175)	(59, 36.43278482719202)	(60, 36.42319444616151)	(61, 36.4419465225851)	(62, 36.43976085054627)	(63, 36.418609472188514)	(64, 36.427690248217715)	(65, 36.40507945947284)	(66, 36.41167287250603)	(67, 36.400474568611735)	(68, 36.415857655647535)	(69, 36.414537704436434)	(70, 36.41111509446093)	(71, 36.3916034613131)	(72, 36.38553119593663)	(73, 36.39955032234588)	(74, 36.36118152035617)	(75, 36.34390634183603)	(76, 36.360885520629616)	(77, 36.34987602724019)	(78, 36.32804119379165)	(79, 36.322713901961684)	(80, 36.30734157594461)	(81, 36.32359789607975)	(82, 36.31469041043891)	(83, 36.25912550460895)	(84, 36.2605499326334)	(85, 36.288146744724706)	(86, 36.25593375837058)	(87, 36.24449452434531)	(88, 36.22648210836879)	(89, 36.24863055875279)	(90, 36.24769634311362)	(91, 36.23468859310296)	(92, 36.1950347644581)	(93, 36.20848019702101)	(94, 36.224683908570235)	(95, 36.24440616880117)	(96, 36.20713328496512)	(97, 36.2069002721888)	(98, 36.20729651823022)	(99, 36.20463930940073)	(100, 36.17501726706059)	(101, 36.14193966578971)	(102, 36.15126421110895)	(103, 36.20834474899655)	(104, 36.161708060570405)	(105, 36.14180062267537)	(106, 36.15196148397661)	(107, 36.14404948189543)	(108, 36.07567329851927)	(109, 36.012177832456025)	(110, 36.028354904203354)	(111, 36.04966382356399)	(112, 36.025341470769234)	(113, 36.008126321767385)	(114, 36.024009411809025)	(115, 36.10138499162378)	(116, 36.09706429330008)	(117, 36.067984925316104)	(118, 36.04056247436482)	(119, 36.04688062223364)	(120, 36.046222397526975)	(121, 36.00553811786643)	(122, 36.01025807821241)	(123, 36.019836058237175)	(124, 35.940283419626745)	(125, 35.956934385671715)	(126, 36.024868575699806)	(127, 35.96959549388214)	(128, 35.9290274702132)	(129, 35.897988931975775)	(130, 35.898120470561416)	(131, 35.90226677999763)	(132, 35.91548495712347)	(133, 35.862144853009994)	(134, 35.72279137075257)	(135, 35.74398321148782)	(136, 35.820558772780174)	(137, 35.827284962776915)	(138, 35.84267299343822)	(139, 35.792013076793964)	(140, 35.809907577005795)	(141, 35.844683103368524)	(142, 35.827385985420385)	(143, 35.837682779237575)	(144, 35.819163163258395)	(145, 35.74435385239354)	(146, 35.667301393821454)	(147, 35.61749729856861)	(148, 35.582272007043244)	(149, 35.56143983905327)	(150, 35.55233026757535)
WW2-5.1	(1, 36.591091090899845)	(2, 36.63912873118881)	(3, 36.68584025884406)	(4, 36.69846993362036)	(5, 36.697011730603435)	(6, 36.703886001333494)	(7, 36.70349711099548)	(8, 36.69796681164766)	(9, 36.69905245462365)	(10, 36.70579236240453)	(11, 36.702014593533775)	(12, 36.7063937678277)	(13, 36.69733266518553)	(14, 36.705091004301)	(15, 36.702894217343264)	(16, 36.701279971500014)	(17, 36.690604120234504)	(18, 36.686565891169955)	(19, 36.685295949127024)	(20, 36.69099031567128)	(21, 36.67352643051542)	(22, 36.675004201733145)	(23, 36.68172761832733)	(24, 36.67207645298064)	(25, 36.670104127162816)	(26, 36.643244046495575)	(27, 36.65736084419913)	(28, 36.65914155047201)	(29, 36.64178666803798)	(30, 36.646254713739246)	(31, 36.64710207917865)	(32, 36.64329273571874)	(33, 36.6410011847711)	(34, 36.638944508457904)	(35, 36.62063447826395)	(36, 36.62830630776886)	(37, 36.62733551408636)	(38, 36.61539848002189)	(39, 36.613886737920474)	(40, 36.62232557012596)	(41, 36.62063183717331)	(42, 36.61469231154125)	(43, 36.605592549075716)	(44, 36.61094284519523)	(45, 36.60485722248702)	(46, 36.60441322116511)	(47, 36.59362652752133)	(48, 36.600243145484896)	(49, 36.589359408158096)	(50, 36.590367469390976)	(51, 36.57976983848527)	(52, 36.58624502146159)	(53, 36.571096292087596)	(54, 36.57361626303662)	(55, 36.5679771872216)	(56, 36.558383922127476)	(57, 36.551817076859)	(58, 36.55848278797466)	(59, 36.55475631693061)	(60, 36.548342634820685)	(61, 36.55112077683133)	(62, 36.55211700697992)	(63, 36.5346042804399)	(64, 36.510149512895914)	(65, 36.51773489760106)	(66, 36.5145159040374)	(67, 36.513515572333255)	(68, 36.515650005981904)	(69, 36.53136723885143)	(70, 36.52671884277985)	(71, 36.51175760381455)	(72, 36.499451641749445)	(73, 36.50355096811271)	(74, 36.514533103254735)	(75, 36.50456165687696)	(76, 36.5065283258281)	(77, 36.49444914343706)	(78, 36.47914796571751)	(79, 36.47734750320536)	(80, 36.466183369553434)	(81, 36.46801132763447)	(82, 36.4694699539584)	(83, 36.45730211166147)	(84, 36.46047425198786)	(85, 36.450239390549264)	(86, 36.430916234913184)	(87, 36.44663815789048)	(88, 36.43066016373743)	(89, 36.39484161167132)	(90, 36.40180434713073)	(91, 36.42130980153192)	(92, 36.374965993164416)	(93, 36.395953951350485)	(94, 36.41286300683303)	(95, 36.40266687023817)	(96, 36.38850851941181)	(97, 36.39056488142663)	(98, 36.41113057976531)	(99, 36.39849480808664)	(100, 36.36197232111916)	(101, 36.3737481024499)	(102, 36.39334329084447)	(103, 36.37590180814776)	(104, 36.36193295569976)	(105, 36.36310477508032)	(106, 36.34332220722931)	(107, 36.352579043567914)	(108, 36.346021115368146)	(109, 36.34411717582227)	(110, 36.35157617554915)	(111, 36.318468323080566)	(112, 36.31086931819908)	(113, 36.301708761831044)	(114, 36.24326204919749)	(115, 36.27432540444673)	(116, 36.32527196740049)	(117, 36.29039946560306)	(118, 36.22402841041794)	(119, 36.23233308820098)	(120, 36.27449703721908)	(121, 36.2673728994152)	(122, 36.26660753042687)	(123, 36.246469152568224)	(124, 36.22864487765029)	(125, 36.21770599908599)	(126, 36.23613632574302)	(127, 36.24508584701539)	(128, 36.253656021326805)	(129, 36.27370108198802)	(130, 36.19121979329471)	(131, 36.07067504577878)	(132, 36.133022097222415)	(133, 36.17215785543454)	(134, 36.171769526733975)	(135, 36.21481066821437)	(136, 36.13721390423459)	(137, 36.13384989431616)	(138, 36.16107153329725)	(139, 36.15287436621092)	(140, 36.04378487113835)	(141, 36.06304988679677)	(142, 36.11935393358698)	(143, 36.061424332072534)	(144, 36.09114427524907)	(145, 36.100857823198204)	(146, 36.09335641358804)	(147, 36.07656002172432)	(148, 36.030173575767826)	(149, 36.0201604841114)	(150, 35.99323802115293)
WW2-5.2	(1, 36.64075570742374)	(2, 36.5930067232356)	(3, 36.609163963402516)	(4, 36.592075051631994)	(5, 36.60342919345085)	(6, 36.6035481109959)	(7, 36.59058410757611)	(8, 36.577067910847596)	(9, 36.58678170248133)	(10, 36.58247565252257)	(11, 36.584515169870585)	(12, 36.58283507994776)	(13, 36.56789008278153)	(14, 36.5713207322835)	(15, 36.572226259322825)	(16, 36.57961853431602)	(17, 36.56798315743036)	(18, 36.5646583330801)	(19, 36.55609659161561)	(20, 36.564990449491226)	(21, 36.544337571052125)	(22, 36.54174523694809)	(23, 36.554185303299775)	(24, 36.54744595863258)	(25, 36.53753728943897)	(26, 36.523993399583524)	(27, 36.522272765474874)	(28, 36.504884196775336)	(29, 36.5168992530679)	(30, 36.50110757424317)	(31, 36.501460928084974)	(32, 36.486989067087336)	(33, 36.4851205754121)	(34, 36.46782783778011)	(35, 36.481495578386415)	(36, 36.4705429379272)	(37, 36.45253148328259)	(38, 36.46274596732727)	(39, 36.46965263164207)	(40, 36.45834741250613)	(41, 36.461879022869496)	(42, 36.467318219848416)	(43, 36.458061152168185)	(44, 36.4442418177238)	(45, 36.42301007641766)	(46, 36.434996967850395)	(47, 36.40913112601913)	(48, 36.41267255060229)	(49, 36.38757979019248)	(50, 36.391594390057406)	(51, 36.398912352249226)	(52, 36.40694298243989)	(53, 36.3782733795068)	(54, 36.359700824676786)	(55, 36.36414626418614)	(56, 36.3611641709937)	(57, 36.35391728152463)	(58, 36.35287063718978)	(59, 36.3307850573748)	(60, 36.31961402728438)	(61, 36.340456833333256)	(62, 36.338584070232834)	(63, 36.314470357296024)	(64, 36.32339304024267)	(65, 36.29879334134809)	(66, 36.307542703495024)	(67, 36.29604255790185)	(68, 36.31187606455603)	(69, 36.31040053474084)	(70, 36.306664918797175)	(71, 36.284303269395686)	(72, 36.2760133466098)	(73, 36.292023026627675)	(74, 36.24722672988366)	(75, 36.23086245150419)	(76, 36.24855501500324)	(77, 36.2351489463806)	(78, 36.212647982300716)	(79, 36.20635745937294)	(80, 36.187549166499714)	(81, 36.206716092147154)	(82, 36.1966778674765)	(83, 36.1329855026391)	(84, 36.138125471588474)	(85, 36.16686063901009)	(86, 36.13157324791403)	(87, 36.117367270377045)	(88, 36.09919684766501)	(89, 36.123498206543594)	(90, 36.122632138338915)	(91, 36.107875838512186)	(92, 36.06474749800955)	(93, 36.07913968848303)	(94, 36.09678697172956)	(95, 36.120689548861066)	(96, 36.07812615530656)	(97, 36.07873075445631)	(98, 36.079973989725644)	(99, 36.0768458657371)	(100, 36.042263094123975)	(101, 36.00648710641274)	(102, 36.015308127072416)	(103, 36.07746520182898)	(104, 36.02786477470823)	(105, 36.004661300160116)	(106, 36.01852500106066)	(107, 36.01054113976455)	(108, 35.9337480395637)	(109, 35.86286855342825)	(110, 35.880485563376155)	(111, 35.904360304913084)	(112, 35.87777263343883)	(113, 35.859483126381654)	(114, 35.878937582136004)	(115, 35.96417398322097)	(116, 35.959267563005106)	(117, 35.92552305570091)	(118, 35.896126337336405)	(119, 35.90553272214286)	(120, 35.906603519733615)	(121, 35.860022751711135)	(122, 35.865911404227035)	(123, 35.87493350088059)	(124, 35.7865466490991)	(125, 35.80707133241799)	(126, 35.881796761785616)	(127, 35.82279352236005)	(128, 35.77619609557491)	(129, 35.74182713256943)	(130, 35.74430076245123)	(131, 35.74782807351684)	(132, 35.76665625296275)	(133, 35.70616593584298)	(134, 35.551523685341266)	(135, 35.57586513706237)	(136, 35.65954403846938)	(137, 35.668576009544665)	(138, 35.684216832525344)	(139, 35.63142251016112)	(140, 35.65182720121757)	(141, 35.6908471985319)	(142, 35.670223716384506)	(143, 35.686205483938885)	(144, 35.665976019771904)	(145, 35.586622305592456)	(146, 35.505178077170385)	(147, 35.45099256251417)	(148, 35.418914802464094)	(149, 35.39195395473031)	(150, 35.38766863852715)
WW2-6.1	(1, 36.6006412755139)	(2, 36.62962551176397)	(3, 36.67840335036626)	(4, 36.687883770460495)	(5, 36.68538862396468)	(6, 36.693657669208825)	(7, 36.69025072996048)	(8, 36.686927818758406)	(9, 36.68732885366551)	(10, 36.69182585780031)	(11, 36.68724557744914)	(12, 36.693060893179215)	(13, 36.68551698786166)	(14, 36.692645175476656)	(15, 36.687977417506794)	(16, 36.68730178778956)	(17, 36.67605167070311)	(18, 36.67377393572067)	(19, 36.67135016883888)	(20, 36.67768756408797)	(21, 36.659323124014165)	(22, 36.66084151081012)	(23, 36.66837376276441)	(24, 36.657884674425375)	(25, 36.65565748894655)	(26, 36.62687012156382)	(27, 36.64164811194729)	(28, 36.64298464436102)	(29, 36.62595275642507)	(30, 36.62968483998716)	(31, 36.63130094255586)	(32, 36.62728179265257)	(33, 36.62475869577504)	(34, 36.623165160297525)	(35, 36.605099948717594)	(36, 36.61197632006012)	(37, 36.61083919088817)	(38, 36.59929146164067)	(39, 36.597303797912815)	(40, 36.605361955969)	(41, 36.605002887440406)	(42, 36.59671703387231)	(43, 36.588637824600504)	(44, 36.59372738976809)	(45, 36.58809603333111)	(46, 36.58801398154977)	(47, 36.57754212498668)	(48, 36.58442828124655)	(49, 36.573085685867575)	(50, 36.574683124767624)	(51, 36.56399737732647)	(52, 36.569155070036864)	(53, 36.55460684211595)	(54, 36.55618211382085)	(55, 36.5508202876115)	(56, 36.54243340619131)	(57, 36.53505186964527)	(58, 36.543675432571945)	(59, 36.5387922328593)	(60, 36.53217435226929)	(61, 36.53365540360285)	(62, 36.53628518008414)	(63, 36.517355322006416)	(64, 36.49096989364623)	(65, 36.49971525032037)	(66, 36.49705908198418)	(67, 36.497007529307936)	(68, 36.500760451856245)	(69, 36.51674073300788)	(70, 36.51114077396316)	(71, 36.49564513117211)	(72, 36.48146812957436)	(73, 36.4869711336944)	(74, 36.497546566913975)	(75, 36.488003509830264)	(76, 36.48990208183567)	(77, 36.477919916246044)	(78, 36.46313524863823)	(79, 36.46066635730998)	(80, 36.450907483583705)	(81, 36.452172392825176)	(82, 36.45325955895876)	(83, 36.440382667753326)	(84, 36.44227776184052)	(85, 36.43150517081583)	(86, 36.41206776935855)	(87, 36.43024793990488)	(88, 36.412350375308954)	(89, 36.37534891371993)	(90, 36.38497858976319)	(91, 36.40555397666771)	(92, 36.35795423208529)	(93, 36.37818240253867)	(94, 36.39517644587594)	(95, 36.38432841095834)	(96, 36.36828901573431)	(97, 36.37031824943292)	(98, 36.39249596159597)	(99, 36.381171203330794)	(100, 36.343083999799404)	(101, 36.35745647065878)	(102, 36.37538375518822)	(103, 36.35889126782782)	(104, 36.3438751100288)	(105, 36.34653596871295)	(106, 36.3229437448121)	(107, 36.331270623968486)	(108, 36.32526876460888)	(109, 36.32381622316003)	(110, 36.33408260724881)	(111, 36.30087692199924)	(112, 36.292900223137906)	(113, 36.28175395486959)	(114, 36.22025793147999)	(115, 36.25347659911218)	(116, 36.30646982622009)	(117, 36.27024493308771)	(118, 36.20012237619104)	(119, 36.20902951591966)	(120, 36.25277518502645)	(121, 36.24598292388904)	(122, 36.24631161160198)	(123, 36.225717014867755)	(124, 36.206223848277176)	(125, 36.196114633522114)	(126, 36.2129870632776)	(127, 36.22260055377924)	(128, 36.231014448807656)	(129, 36.252004572903694)	(130, 36.166533979566495)	(131, 36.043728940005415)	(132, 36.10632056535038)	(133, 36.14714596369753)	(134, 36.14784732030457)	(135, 36.19312295792097)	(136, 36.11187630149516)	(137, 36.10688880288864)	(138, 36.13442661985637)	(139, 36.12552845146149)	(140, 36.01553920756746)	(141, 36.03328458843309)	(142, 36.09184920087644)	(143, 36.03234676363118)	(144, 36.062971920674414)	(145, 36.07142419809527)	(146, 36.06324347731395)	(147, 36.047170090941044)	(148, 35.99580406206783)	(149, 35.986669177357896)	(150, 35.95867921128169)
WW2-6.2	(1, 36.634644153164906)	(2, 36.599878964233156)	(3, 36.609153051248526)	(4, 36.60549416053726)	(5, 36.60013927427541)	(6, 36.60199165044262)	(7, 36.58579099889799)	(8, 36.576249393118495)	(9, 36.58483586536372)	(10, 36.581337954698974)	(11, 36.58451271118791)	(12, 36.58319975085242)	(13, 36.57045481904826)	(14, 36.57544741175485)	(15, 36.57577516536056)	(16, 36.582584930905504)	(17, 36.569843492899054)	(18, 36.56672021464478)	(19, 36.56004622073248)	(20, 36.56843191017243)	(21, 36.548324396729484)	(22, 36.54757225726487)	(23, 36.559804352635105)	(24, 36.55220105275643)	(25, 36.54235641530694)	(26, 36.5268411230428)	(27, 36.527536167661246)	(28, 36.510526657720774)	(29, 36.52238193152882)	(30, 36.50727700570745)	(31, 36.50659690923618)	(32, 36.49292797850014)	(33, 36.49244941666404)	(34, 36.47547377673404)	(35, 36.488246973137485)	(36, 36.476192032945605)	(37, 36.45639871149334)	(38, 36.46921925605774)	(39, 36.47600730541)	(40, 36.466049664285514)	(41, 36.4706377941324)	(42, 36.474467690904426)	(43, 36.46641649209843)	(44, 36.452330057008204)	(45, 36.42929272280868)	(46, 36.44093979214972)	(47, 36.414863502299916)	(48, 36.41838654456025)	(49, 36.394535161330325)	(50, 36.39889781835526)	(51, 36.408708926008195)	(52, 36.41670117695206)	(53, 36.38758452395923)	(54, 36.36925991232222)	(55, 36.373011767874644)	(56, 36.36876398470646)	(57, 36.3610010738089)	(58, 36.35969574211368)	(59, 36.338754764406474)	(60, 36.3299741626458)	(61, 36.352384994270885)	(62, 36.35082317536261)	(63, 36.32651534866584)	(64, 36.33587944170647)	(65, 36.3102407708341)	(66, 36.31720273345146)	(67, 36.305516404451694)	(68, 36.32041063724424)	(69, 36.31966190161968)	(70, 36.31679857672496)	(71, 36.295715241304954)	(72, 36.28819961090879)	(73, 36.30545232685356)	(74, 36.261841243215905)	(75, 36.245636113042806)	(76, 36.26163320760986)	(77, 36.24769848785811)	(78, 36.22224640078454)	(79, 36.21684740958965)	(80, 36.1986538308818)	(81, 36.21935317161066)	(82, 36.20918831352843)	(83, 36.146475949224545)	(84, 36.15178651779024)	(85, 36.1815260347678)	(86, 36.144803498764226)	(87, 36.131421940026264)	(88, 36.11375161500592)	(89, 36.135903923035634)	(90, 36.135007655514386)	(91, 36.121050784693196)	(92, 36.078450440084325)	(93, 36.09428180653358)	(94, 36.11099844874141)	(95, 36.13554454470137)	(96, 36.09478166062347)	(97, 36.09292946239536)	(98, 36.09362266224404)	(99, 36.089958867170665)	(100, 36.055046820550345)	(101, 36.019726969382205)	(102, 36.0305075740553)	(103, 36.092511213936895)	(104, 36.04428153200636)	(105, 36.02212231719105)	(106, 36.03306585074685)	(107, 36.02529054586479)	(108, 35.947907270444226)	(109, 35.87751941301589)	(110, 35.89571647513383)	(111, 35.91800374956334)	(112, 35.89198195530036)	(113, 35.87361380792699)	(114, 35.89234298422494)	(115, 35.9796346304922)	(116, 35.97571760397507)	(117, 35.94245279474279)	(118, 35.911672047190095)	(119, 35.92057077377371)	(120, 35.920974161817426)	(121, 35.87538466995913)	(122, 35.879025728102135)	(123, 35.88991349165645)	(124, 35.80103456655089)	(125, 35.82203368221402)	(126, 35.89769474999093)	(127, 35.8393560992382)	(128, 35.79258683856632)	(129, 35.75933477074085)	(130, 35.75930659601917)	(131, 35.760952902335745)	(132, 35.77819199087452)	(133, 35.718431803169004)	(134, 35.5653672992738)	(135, 35.58938264069852)	(136, 35.67510852840526)	(137, 35.6841214170148)	(138, 35.700864209554084)	(139, 35.64755800429688)	(140, 35.66817667712964)	(141, 35.70535335838725)	(142, 35.68409583091441)	(143, 35.697952489397665)	(144, 35.67803667639335)	(145, 35.59852974513133)	(146, 35.51584816918839)	(147, 35.46327182956701)	(148, 35.426431198366515)	(149, 35.40365487436348)	(150, 35.39662788203972)
WW3-1.1	(1, 36.62749552560013)	(2, 36.64853984847884)	(3, 36.68438199958162)	(4, 36.69130471996205)	(5, 36.68949286488748)	(6, 36.696077540768655)	(7, 36.69493395389283)	(8, 36.691617059734774)	(9, 36.69037136493465)	(10, 36.69485055025889)	(11, 36.68781106479095)	(12, 36.6942840071481)	(13, 36.68770518319403)	(14, 36.6930107481306)	(15, 36.69050240434902)	(16, 36.68892894694025)	(17, 36.677238902189416)	(18, 36.67468387971829)	(19, 36.67265927701355)	(20, 36.67903492424626)	(21, 36.66133752083382)	(22, 36.66216083775532)	(23, 36.668341320484615)	(24, 36.65914034097046)	(25, 36.65639833028659)	(26, 36.62975106066179)	(27, 36.64280159642759)	(28, 36.645571061947024)	(29, 36.627585081961165)	(30, 36.63200353303262)	(31, 36.63155036417308)	(32, 36.62770887483029)	(33, 36.6256299093635)	(34, 36.62275307612405)	(35, 36.606591620928214)	(36, 36.613718732680326)	(37, 36.613041995468436)	(38, 36.602183447031166)	(39, 36.59974238681153)	(40, 36.60746433877011)	(41, 36.60614050906384)	(42, 36.59879946582354)	(43, 36.59009536302207)	(44, 36.594447304846575)	(45, 36.58919567223157)	(46, 36.58930357034923)	(47, 36.57927155549761)	(48, 36.58747410527417)	(49, 36.57508682461696)	(50, 36.57726645674601)	(51, 36.56641828423039)	(52, 36.570583966937974)	(53, 36.555556663198224)	(54, 36.55665482679726)	(55, 36.55283413764123)	(56, 36.54468684879293)	(57, 36.53767475920871)	(58, 36.54650506369057)	(59, 36.54200776262023)	(60, 36.53546987938603)	(61, 36.53681142105552)	(62, 36.53831688848775)	(63, 36.51933323381365)	(64, 36.49395812551929)	(65, 36.501935804512755)	(66, 36.50034308717715)	(67, 36.50073886529021)	(68, 36.50438687722756)	(69, 36.52019645479626)	(70, 36.51449722418958)	(71, 36.49877081824953)	(72, 36.484406308030906)	(73, 36.488451692727864)	(74, 36.50074452678319)	(75, 36.490302406981684)	(76, 36.49324672869839)	(77, 36.48048767539047)	(78, 36.46657676172585)	(79, 36.466716057417266)	(80, 36.45582017516994)	(81, 36.456801279474156)	(82, 36.455974780101315)	(83, 36.443082130391275)	(84, 36.445920162741764)	(85, 36.434446906079)	(86, 36.4163975439622)	(87, 36.43296249030062)	(88, 36.417645915990235)	(89, 36.383142833340926)	(90, 36.39042109297663)	(91, 36.41256272218485)	(92, 36.364350087553156)	(93, 36.38339122040799)	(94, 36.39982426531842)	(95, 36.3879334771265)	(96, 36.37146315438065)	(97, 36.37332443447782)	(98, 36.39760703629472)	(99, 36.38779071496996)	(100, 36.351229194173456)	(101, 36.364069865479586)	(102, 36.381084552719514)	(103, 36.366231810173524)	(104, 36.35023188190998)	(105, 36.34987475733382)	(106, 36.32827420086209)	(107, 36.33701067052596)	(108, 36.3295579622138)	(109, 36.33049868099796)	(110, 36.34129099364937)	(111, 36.30924124134165)	(112, 36.300179835417005)	(113, 36.29047009680752)	(114, 36.2298504731951)	(115, 36.26176920056582)	(116, 36.31285950779075)	(117, 36.27616805560625)	(118, 36.20956116914373)	(119, 36.219381090843164)	(120, 36.261425709102745)	(121, 36.256747153659205)	(122, 36.25568275501884)	(123, 36.23609459983263)	(124, 36.217732740391114)	(125, 36.20612022473887)	(126, 36.220518247144355)	(127, 36.230196246632055)	(128, 36.23997758027082)	(129, 36.25953108158946)	(130, 36.17893565185912)	(131, 36.059007115770854)	(132, 36.119885993826074)	(133, 36.16136864350121)	(134, 36.16089349019767)	(135, 36.204249973071185)	(136, 36.125159864248985)	(137, 36.1195260246603)	(138, 36.14421753955104)	(139, 36.13789933825572)	(140, 36.03081141098762)	(141, 36.048980136124854)	(142, 36.10692001242373)	(143, 36.048578468850785)	(144, 36.07928452351142)	(145, 36.089269666536026)	(146, 36.08026655062553)	(147, 36.061916432397595)	(148, 36.01277862671628)	(149, 36.004415152807766)	(150, 35.9779753103864)
WW3-1.2	(1, 36.69826020019607)	(2, 36.63710102641161)	(3, 36.647145667864855)	(4, 36.63577753379556)	(5, 36.647422814038606)	(6, 36.649299341111295)	(7, 36.64342572906398)	(8, 36.62768470144917)	(9, 36.6368862278724)	(10, 36.62657824969954)	(11, 36.632487383491274)	(12, 36.63343039146384)	(13, 36.62067868681662)	(14, 36.62856331087816)	(15, 36.62774475206561)	(16, 36.63476536917046)	(17, 36.62340311437373)	(18, 36.62051171547602)	(19, 36.61263042755984)	(20, 36.619767755061304)	(21, 36.601263195890525)	(22, 36.601409494068086)	(23, 36.612544672216885)	(24, 36.60571098863386)	(25, 36.597516595272246)	(26, 36.582912919769804)	(27, 36.5814464377761)	(28, 36.5688476215608)	(29, 36.57811967190925)	(30, 36.56416747449695)	(31, 36.56322665416068)	(32, 36.55053229292997)	(33, 36.54976640146134)	(34, 36.53469960289779)	(35, 36.547784555384915)	(36, 36.53554623579113)	(37, 36.51872648787053)	(38, 36.53014794413814)	(39, 36.53445623947366)	(40, 36.52666137860045)	(41, 36.53040387206494)	(42, 36.5351580775808)	(43, 36.526014825640665)	(44, 36.51526088698729)	(45, 36.49108339285512)	(46, 36.504032510395604)	(47, 36.480234880933374)	(48, 36.482814210665616)	(49, 36.46087050470354)	(50, 36.46554458654876)	(51, 36.47529645526995)	(52, 36.482019415085006)	(53, 36.454674759113665)	(54, 36.438099616829696)	(55, 36.44103290866921)	(56, 36.43899332375893)	(57, 36.4294103603698)	(58, 36.43027462971777)	(59, 36.411440565356926)	(60, 36.402315256250915)	(61, 36.421659976793194)	(62, 36.41987372338761)	(63, 36.397403572039025)	(64, 36.407647733771086)	(65, 36.38216463546667)	(66, 36.3874616541294)	(67, 36.37834551158985)	(68, 36.39232113453587)	(69, 36.389881028351844)	(70, 36.38608869873144)	(71, 36.36774155723002)	(72, 36.36354566261927)	(73, 36.3780631696231)	(74, 36.34091610220643)	(75, 36.322015308134326)	(76, 36.335860707265994)	(77, 36.325165355398774)	(78, 36.30167852989644)	(79, 36.29539288588518)	(80, 36.27966488760535)	(81, 36.29732889167761)	(82, 36.29016283208829)	(83, 36.23456883591854)	(84, 36.23637012331558)	(85, 36.2648976974022)	(86, 36.23224823503998)	(87, 36.21851172297264)	(88, 36.19951811281616)	(89, 36.2216631383573)	(90, 36.220332912943896)	(91, 36.206863092716794)	(92, 36.169655737810764)	(93, 36.18238266798849)	(94, 36.20092291884351)	(95, 36.2225997130957)	(96, 36.183611605612775)	(97, 36.183435385887186)	(98, 36.18374675339349)	(99, 36.18060529251399)	(100, 36.148517367547285)	(101, 36.11468453782122)	(102, 36.12306970522545)	(103, 36.18259843116571)	(104, 36.13935554451863)	(105, 36.11530691752149)	(106, 36.12820091992033)	(107, 36.123120306493334)	(108, 36.048993859729805)	(109, 35.98456071259359)	(110, 36.00121759555364)	(111, 36.02145461305827)	(112, 36.00015297426745)	(113, 35.97953355546289)	(114, 35.9984065017329)	(115, 36.07762448818405)	(116, 36.07500111905706)	(117, 36.04387613531425)	(118, 36.01538809849432)	(119, 36.02647820698264)	(120, 36.024274585229534)	(121, 35.981626930237915)	(122, 35.98450253746208)	(123, 35.99527242051943)	(124, 35.914981208696524)	(125, 35.93273798520486)	(126, 36.00187354990335)	(127, 35.947719542482034)	(128, 35.906734297180165)	(129, 35.87389252792652)	(130, 35.87572189296039)	(131, 35.878111218678036)	(132, 35.89216274380782)	(133, 35.8412387600648)	(134, 35.697316490471486)	(135, 35.71818739684129)	(136, 35.79905167906267)	(137, 35.80756730114346)	(138, 35.82076350870242)	(139, 35.77299309524894)	(140, 35.78891608606824)	(141, 35.82468684046902)	(142, 35.80632031365543)	(143, 35.82090414604474)	(144, 35.79995706697649)	(145, 35.726118935789955)	(146, 35.648947956775835)	(147, 35.596502184847786)	(148, 35.56525615641166)	(149, 35.54612510330665)	(150, 35.53419154684626)
WW5-1.1	(1, 36.62374325707637)	(2, 36.6447511458718)	(3, 36.68526900100455)	(4, 36.69167980684653)	(5, 36.68825102433604)	(6, 36.69573180921193)	(7, 36.69331594515183)	(8, 36.68956900334174)	(9, 36.68936936796434)	(10, 36.692932927354036)	(11, 36.68771568435101)	(12, 36.693657870567804)	(13, 36.68626888642339)	(14, 36.693247078175034)	(15, 36.69018512621812)	(16, 36.68928407279651)	(17, 36.67767326259997)	(18, 36.67480597375463)	(19, 36.6729316704879)	(20, 36.679034502508706)	(21, 36.661155724115126)	(22, 36.6622264917022)	(23, 36.6694341743304)	(24, 36.658931872751786)	(25, 36.65754677910967)	(26, 36.62982418484247)	(27, 36.64437119466966)	(28, 36.64638060337942)	(29, 36.6283299203949)	(30, 36.63230322077314)	(31, 36.63356700865268)	(32, 36.62963852437958)	(33, 36.62723549621274)	(34, 36.62492801317953)	(35, 36.60748241477593)	(36, 36.614792050331644)	(37, 36.61473630496275)	(38, 36.60373929892133)	(39, 36.60116951005558)	(40, 36.60936539412995)	(41, 36.60807744640459)	(42, 36.601515171010995)	(43, 36.59222631224331)	(44, 36.59758795033635)	(45, 36.59177531713759)	(46, 36.59293053675368)	(47, 36.58267318623733)	(48, 36.58985131451401)	(49, 36.5775336354792)	(50, 36.58053251794775)	(51, 36.569289603715276)	(52, 36.575248217355266)	(53, 36.559433922324885)	(54, 36.56128330760471)	(55, 36.55624631439282)	(56, 36.54934048549303)	(57, 36.54136937593663)	(58, 36.54949704798335)	(59, 36.545446294588906)	(60, 36.53950528061977)	(61, 36.54212592741537)	(62, 36.543967280118714)	(63, 36.524999289378556)	(64, 36.4993676079618)	(65, 36.50756805949777)	(66, 36.505417664368984)	(67, 36.50540465071469)	(68, 36.50999756204955)	(69, 36.52563904818589)	(70, 36.519822205434416)	(71, 36.5046394657739)	(72, 36.49234003978502)	(73, 36.49559533382991)	(74, 36.50705559587457)	(75, 36.497069473977255)	(76, 36.49950326809103)	(77, 36.486976266363136)	(78, 36.47345181593193)	(79, 36.47094251073416)	(80, 36.461706680837025)	(81, 36.464686446405636)	(82, 36.4647235233891)	(83, 36.451175383218164)	(84, 36.45119149043479)	(85, 36.44208903433927)	(86, 36.42348951147288)	(87, 36.441462572800475)	(88, 36.424025729088754)	(89, 36.38915333778467)	(90, 36.397474148995606)	(91, 36.42004907073217)	(92, 36.37241931848773)	(93, 36.390593954053934)	(94, 36.40666333412895)	(95, 36.39580687033558)	(96, 36.38033153464067)	(97, 36.3823850439264)	(98, 36.40587981589411)	(99, 36.394663919806234)	(100, 36.35739223247631)	(101, 36.371462724336816)	(102, 36.38850956427195)	(103, 36.37239928273101)	(104, 36.35781927155097)	(105, 36.358055511262855)	(106, 36.33744182987522)	(107, 36.34628464881757)	(108, 36.33814598519302)	(109, 36.33711941027564)	(110, 36.347678957706776)	(111, 36.316581968726844)	(112, 36.306938609804874)	(113, 36.29604526242933)	(114, 36.23667176711817)	(115, 36.26923871701757)	(116, 36.321115809913564)	(117, 36.28663210237645)	(118, 36.215601344363634)	(119, 36.22466586274377)	(120, 36.268110417126124)	(121, 36.2625725088095)	(122, 36.26359816553131)	(123, 36.24271869813233)	(124, 36.223452864832325)	(125, 36.21117590214861)	(126, 36.22818231927346)	(127, 36.23714662838921)	(128, 36.24601475959518)	(129, 36.26685848855123)	(130, 36.18341303897939)	(131, 36.0638595633396)	(132, 36.125836653111406)	(133, 36.16726922092934)	(134, 36.166001271773865)	(135, 36.208991953707205)	(136, 36.129697380265206)	(137, 36.124517940805916)	(138, 36.15100160205298)	(139, 36.14326700758962)	(140, 36.03569642671665)	(141, 36.05381263013591)	(142, 36.1108549478209)	(143, 36.05292340369772)	(144, 36.08264574658693)	(145, 36.09298780295298)	(146, 36.08241376113325)	(147, 36.06491330201459)	(148, 36.015442899342716)	(149, 36.00563897760065)	(150, 35.97916633475199)
WW5-1.2	(1, 36.67044899845095)	(2, 36.63993989822976)	(3, 36.65926646024243)	(4, 36.648584434253955)	(5, 36.646350463124946)	(6, 36.64659690789465)	(7, 36.63829640009488)	(8, 36.625056066677956)	(9, 36.632332660091464)	(10, 36.6240577364612)	(11, 36.62843663792383)	(12, 36.62473087611258)	(13, 36.61305884352413)	(14, 36.618835696426395)	(15, 36.61783541673096)	(16, 36.626580865656585)	(17, 36.61354660746794)	(18, 36.608960207000464)	(19, 36.60350885132314)	(20, 36.61112084268471)	(21, 36.59261363122361)	(22, 36.59027951384208)	(23, 36.60330452843524)	(24, 36.59593624381153)	(25, 36.58647982658665)	(26, 36.572956928284)	(27, 36.57210958409493)	(28, 36.55641207519354)	(29, 36.56782116910849)	(30, 36.55266879139398)	(31, 36.5519812825515)	(32, 36.53987169057103)	(33, 36.540032686843126)	(34, 36.524662229153954)	(35, 36.53653349844525)	(36, 36.524871455966924)	(37, 36.50748659510157)	(38, 36.51865745020216)	(39, 36.522502481659714)	(40, 36.514056851958095)	(41, 36.518968168126726)	(42, 36.523075482404344)	(43, 36.515239956030825)	(44, 36.504371910244835)	(45, 36.48158364333296)	(46, 36.49348022804259)	(47, 36.4702100555506)	(48, 36.470710791464846)	(49, 36.44658839816687)	(50, 36.45107973971492)	(51, 36.46097917904323)	(52, 36.466382449241316)	(53, 36.44119688150955)	(54, 36.42578788423018)	(55, 36.42866878946168)	(56, 36.42733044339086)	(57, 36.41990965958105)	(58, 36.418005285356735)	(59, 36.39789532742658)	(60, 36.38593913497225)	(61, 36.40507038346429)	(62, 36.40468674152288)	(63, 36.38147524439401)	(64, 36.39318115830349)	(65, 36.36988006090868)	(66, 36.376908992179466)	(67, 36.366207312439435)	(68, 36.38141043572919)	(69, 36.37961718393148)	(70, 36.37463441858905)	(71, 36.35323506729202)	(72, 36.345812111525326)	(73, 36.362834824750394)	(74, 36.323072265315396)	(75, 36.306296112447505)	(76, 36.32311721458578)	(77, 36.31297605913961)	(78, 36.28840225172541)	(79, 36.28394182542551)	(80, 36.26454275318877)	(81, 36.283374003846085)	(82, 36.273714992435075)	(83, 36.21594379959319)	(84, 36.21710343647949)	(85, 36.247481948552995)	(86, 36.21477939029123)	(87, 36.20501440616216)	(88, 36.18459341529394)	(89, 36.206856571844725)	(90, 36.20514048100415)	(91, 36.190971285904496)	(92, 36.1509352488894)	(93, 36.16246727003145)	(94, 36.18142723602521)	(95, 36.20375630500037)	(96, 36.164657693198286)	(97, 36.16567793651754)	(98, 36.166427282219296)	(99, 36.16241681221928)	(100, 36.12906862168554)	(101, 36.09603782021552)	(102, 36.10250390085272)	(103, 36.161259901716114)	(104, 36.115013973549594)	(105, 36.09336395909974)	(106, 36.10486482961662)	(107, 36.09861015496203)	(108, 36.02691330017672)	(109, 35.961980788490735)	(110, 35.97716130012509)	(111, 35.997489348051324)	(112, 35.97455459614952)	(113, 35.95563385488976)	(114, 35.96976616498824)	(115, 36.05202647745371)	(116, 36.04972322445898)	(117, 36.01843650749837)	(118, 35.989659901477644)	(119, 35.999910830445415)	(120, 35.99961749098532)	(121, 35.95572338205673)	(122, 35.958680219972166)	(123, 35.96595814565652)	(124, 35.88281712371045)	(125, 35.902092499899716)	(126, 35.97241811404402)	(127, 35.917637580764996)	(128, 35.87449920084813)	(129, 35.842627121661494)	(130, 35.843369043327364)	(131, 35.8467786426404)	(132, 35.86149328153506)	(133, 35.80717847760212)	(134, 35.65873760146905)	(135, 35.67948289205454)	(136, 35.76067139035613)	(137, 35.76999593238187)	(138, 35.78501303430025)	(139, 35.73638786744086)	(140, 35.75360908998305)	(141, 35.78947667033442)	(142, 35.76818765568026)	(143, 35.78285070791771)	(144, 35.76185799490717)	(145, 35.68322371678018)	(146, 35.60583020823569)	(147, 35.55077084024673)	(148, 35.51732877180863)	(149, 35.49647143428463)	(150, 35.4879259613802)
WW5-3.1	(1, 36.62750922451188)	(2, 36.65150082986874)	(3, 36.688985305990784)	(4, 36.694723266314575)	(5, 36.692034354573245)	(6, 36.69763725835981)	(7, 36.69719163027109)	(8, 36.69466549236129)	(9, 36.69384370696065)	(10, 36.69795789753441)	(11, 36.692994559347866)	(12, 36.69813539683124)	(13, 36.68906891739173)	(14, 36.69640689873638)	(15, 36.69415099922413)	(16, 36.69261353532188)	(17, 36.68124796167185)	(18, 36.678180824787304)	(19, 36.676981900377065)	(20, 36.683182971363294)	(21, 36.665324219446944)	(22, 36.666759837435876)	(23, 36.67342251520723)	(24, 36.662954108807945)	(25, 36.661400206691226)	(26, 36.63348880778999)	(27, 36.64879873831378)	(28, 36.6500983180678)	(29, 36.6328454616095)	(30, 36.636259910603684)	(31, 36.637380257424525)	(32, 36.6331142587913)	(33, 36.630964173757484)	(34, 36.629257818477114)	(35, 36.6110176906374)	(36, 36.61923498921879)	(37, 36.61769940051579)	(38, 36.607468376988855)	(39, 36.6052273550648)	(40, 36.61254372380537)	(41, 36.61110611077893)	(42, 36.60390844942716)	(43, 36.59456548296334)	(44, 36.600285970520034)	(45, 36.59518079503969)	(46, 36.59532851304003)	(47, 36.58558522349126)	(48, 36.59317565206494)	(49, 36.580755820699636)	(50, 36.58306504119983)	(51, 36.57133909380684)	(52, 36.57625525259974)	(53, 36.5608643420968)	(54, 36.56327314060522)	(55, 36.55856390981125)	(56, 36.550654100260644)	(57, 36.54360833870679)	(58, 36.551453968666394)	(59, 36.548171452136636)	(60, 36.540630652765124)	(61, 36.542448412930646)	(62, 36.54472823430666)	(63, 36.52562491160496)	(64, 36.500559456415)	(65, 36.50774160301374)	(66, 36.505982048922135)	(67, 36.5064541932483)	(68, 36.51087543039883)	(69, 36.527145621642816)	(70, 36.52116009931268)	(71, 36.504946267443906)	(72, 36.490529174204205)	(73, 36.494993266419335)	(74, 36.506428528835215)	(75, 36.495804646084856)	(76, 36.49762519545377)	(77, 36.48675057462226)	(78, 36.473756300966464)	(79, 36.472784970256654)	(80, 36.462746691168014)	(81, 36.46410997643217)	(82, 36.46371404511237)	(83, 36.4509518666377)	(84, 36.45103284435854)	(85, 36.440175830864995)	(86, 36.42239174089115)	(87, 36.439566326900916)	(88, 36.42346491531251)	(89, 36.38781703190836)	(90, 36.39694337745771)	(91, 36.4173309849109)	(92, 36.370983507011594)	(93, 36.39071252727181)	(94, 36.40589173039437)	(95, 36.393912667033256)	(96, 36.377325595334895)	(97, 36.38097402777649)	(98, 36.40538712940877)	(99, 36.3932197716677)	(100, 36.35667909712967)	(101, 36.37020116681973)	(102, 36.387817354919825)	(103, 36.37177988254855)	(104, 36.356451495102306)	(105, 36.35768858776996)	(106, 36.33429283936678)	(107, 36.34381598550211)	(108, 36.33742384587566)	(109, 36.33546087026061)	(110, 36.347171023541236)	(111, 36.31506320238895)	(112, 36.30650972821258)	(113, 36.296511073381815)	(114, 36.237249153498986)	(115, 36.267942731386974)	(116, 36.319259119549386)	(117, 36.28419604636047)	(118, 36.21641161891527)	(119, 36.22426378298693)	(120, 36.26768234960355)	(121, 36.261469346208756)	(122, 36.26328031499806)	(123, 36.242231035785466)	(124, 36.22454601608375)	(125, 36.21190669753474)	(126, 36.22803367522842)	(127, 36.23745674622041)	(128, 36.24738057238072)	(129, 36.2673808480241)	(130, 36.184676541171505)	(131, 36.06422497665285)	(132, 36.12656695696104)	(133, 36.16755570546198)	(134, 36.16768218614711)	(135, 36.209920274471756)	(136, 36.13002802060417)	(137, 36.125401310334546)	(138, 36.15142294137125)	(139, 36.143599682676324)	(140, 36.03600896048869)	(141, 36.05383122593818)	(142, 36.11117763197188)	(143, 36.054238567643345)	(144, 36.08313134659049)	(145, 36.09317486246234)	(146, 36.084220660408754)	(147, 36.06542182108707)	(148, 36.01778918129746)	(149, 36.007969293101866)	(150, 35.981724071683445)
WW5-3.2	(1, 36.51155852946365)	(2, 36.46469570734514)	(3, 36.47015446866908)	(4, 36.4666127749448)	(5, 36.451064981159966)	(6, 36.46330092380259)	(7, 36.45029639541914)	(8, 36.439424908126675)	(9, 36.44829730384458)	(10, 36.440794835919256)	(11, 36.44146408220895)	(12, 36.43878024605355)	(13, 36.422549879955085)	(14, 36.429872550993245)	(15, 36.43004115234933)	(16, 36.439811383707905)	(17, 36.425963848544015)	(18, 36.42701743992209)	(19, 36.41376435403895)	(20, 36.42749103595131)	(21, 36.40183046097641)	(22, 36.39868455851781)	(23, 36.41427389691331)	(24, 36.40299350120308)	(25, 36.39129475606755)	(26, 36.37479692956712)	(27, 36.3755885956472)	(28, 36.357098549456026)	(29, 36.37021024998493)	(30, 36.353002384522796)	(31, 36.351026937241485)	(32, 36.33301955211777)	(33, 36.333367616166065)	(34, 36.31426378706564)	(35, 36.328916653935096)	(36, 36.31397897229716)	(37, 36.29197404521735)	(38, 36.306678553061325)	(39, 36.31380249723348)	(40, 36.30060386744282)	(41, 36.307404590908696)	(42, 36.31418530114479)	(43, 36.30356701070671)	(44, 36.2890734569678)	(45, 36.25969445988687)	(46, 36.27367272584169)	(47, 36.24220605818839)	(48, 36.247795826790764)	(49, 36.21854716363912)	(50, 36.22363639611313)	(51, 36.235429639669626)	(52, 36.244675947648375)	(53, 36.211761056952405)	(54, 36.187510288040016)	(55, 36.193545095487636)	(56, 36.18862390500294)	(57, 36.18041081304136)	(58, 36.18132768811041)	(59, 36.15525994366172)	(60, 36.14277768700018)	(61, 36.16932425083245)	(62, 36.16756774453617)	(63, 36.13898731639624)	(64, 36.15129214269779)	(65, 36.118875333952204)	(66, 36.128721577020215)	(67, 36.11684833322109)	(68, 36.13477139047325)	(69, 36.13496306936612)	(70, 36.13083828439634)	(71, 36.1066755716715)	(72, 36.09573317267027)	(73, 36.118277491660024)	(74, 36.06338757451622)	(75, 36.043801512859254)	(76, 36.064410730936096)	(77, 36.050514611382724)	(78, 36.019891182442635)	(79, 36.01422773038592)	(80, 35.990922859145286)	(81, 36.017894051982566)	(82, 36.00647415530613)	(83, 35.93128110515585)	(84, 35.935862539170294)	(85, 35.9723242962263)	(86, 35.92900488757626)	(87, 35.91254139955116)	(88, 35.89061848738304)	(89, 35.920194294451605)	(90, 35.91809583179636)	(91, 35.90348379108628)	(92, 35.851197956672905)	(93, 35.869003580128854)	(94, 35.89182532261945)	(95, 35.920900309392394)	(96, 35.869973231525044)	(97, 35.871878305180644)	(98, 35.87176884471014)	(99, 35.86934747922542)	(100, 35.8277203124701)	(101, 35.78707064335265)	(102, 35.796725068342774)	(103, 35.872909840950875)	(104, 35.81552674960846)	(105, 35.78821843457114)	(106, 35.80310655881772)	(107, 35.79574277326417)	(108, 35.69992560696235)	(109, 35.61982321076866)	(110, 35.63847846876027)	(111, 35.66689448182091)	(112, 35.63847332723279)	(113, 35.615260539044236)	(114, 35.63845889296573)	(115, 35.74339267012402)	(116, 35.738778733769436)	(117, 35.69808892666374)	(118, 35.66148680184149)	(119, 35.67415027098179)	(120, 35.673864458109584)	(121, 35.62222065239065)	(122, 35.625676182874244)	(123, 35.638935094976645)	(124, 35.536637675133264)	(125, 35.56089718890288)	(126, 35.64765459368955)	(127, 35.5806408550325)	(128, 35.52705611807753)	(129, 35.48532833405826)	(130, 35.48848880241146)	(131, 35.48932053233922)	(132, 35.511432191068806)	(133, 35.445174044455754)	(134, 35.262597940562586)	(135, 35.29148606488796)	(136, 35.39266703645224)	(137, 35.40261472016831)	(138, 35.42268021933445)	(139, 35.359879534633585)	(140, 35.381701105971864)	(141, 35.426430281591685)	(142, 35.40205231997736)	(143, 35.4242202131916)	(144, 35.39816824959906)	(145, 35.30621410715417)	(146, 35.211925990528734)	(147, 35.14855565839159)	(148, 35.11226791050205)	(149, 35.084488841079995)	(150, 35.07678450676176)
WW5-4.1	(1, 36.61560740594628)	(2, 36.62775351585657)	(3, 36.66190624517123)	(4, 36.66359746759187)	(5, 36.66274329946436)	(6, 36.66837793199756)	(7, 36.66684615523892)	(8, 36.66325295866485)	(9, 36.66346682844614)	(10, 36.66419765649601)	(11, 36.658326938085935)	(12, 36.664378999362256)	(13, 36.656902060785576)	(14, 36.66340142029235)	(15, 36.66143974259659)	(16, 36.6604467858784)	(17, 36.64953542317463)	(18, 36.647199544226346)	(19, 36.644058819008656)	(20, 36.650971532536076)	(21, 36.63329744152428)	(22, 36.63081132933002)	(23, 36.6357242044999)	(24, 36.626283958338476)	(25, 36.62466119125539)	(26, 36.59604420273112)	(27, 36.60761992235988)	(28, 36.608107117438216)	(29, 36.59130218244616)	(30, 36.595200416287824)	(31, 36.5969240593264)	(32, 36.59094761072624)	(33, 36.5869748271795)	(34, 36.58701651756611)	(35, 36.573418054144184)	(36, 36.573362753935655)	(37, 36.583469965028264)	(38, 36.57417743434569)	(39, 36.57060242518472)	(40, 36.572315677403694)	(41, 36.56816694231577)	(42, 36.561242508816825)	(43, 36.55266238435157)	(44, 36.556474901306636)	(45, 36.55255394409242)	(46, 36.5499639862073)	(47, 36.54248875891251)	(48, 36.54609980393582)	(49, 36.534711977071375)	(50, 36.53573501897137)	(51, 36.52832018446257)	(52, 36.53566655607798)	(53, 36.52053631014417)	(54, 36.517980433619975)	(55, 36.51794199150745)	(56, 36.50863067931059)	(57, 36.50301646777716)	(58, 36.509660133318086)	(59, 36.50225442067782)	(60, 36.494020642032034)	(61, 36.49804328416773)	(62, 36.4969708850939)	(63, 36.48337068729949)	(64, 36.462011353458486)	(65, 36.46840236555308)	(66, 36.46539583142722)	(67, 36.463275767365744)	(68, 36.46662970949203)	(69, 36.47906528617144)	(70, 36.47416566348858)	(71, 36.45982449397453)	(72, 36.44608120609824)	(73, 36.45200510096652)	(74, 36.46326817089649)	(75, 36.449434344818734)	(76, 36.452744184598984)	(77, 36.43766723581604)	(78, 36.42521841336301)	(79, 36.423305803102735)	(80, 36.41211569589351)	(81, 36.41556387354248)	(82, 36.41554228560983)	(83, 36.40508919520674)	(84, 36.40104922397396)	(85, 36.38989309567494)	(86, 36.372377238934135)	(87, 36.377877864975794)	(88, 36.37509553392481)	(89, 36.33949615847903)	(90, 36.24392327454613)	(91, 36.36423586294294)	(92, 36.31189881210752)	(93, 36.3420795549534)	(94, 36.35532765070135)	(95, 36.35387002776177)	(96, 36.33055447891463)	(97, 36.33800054230977)	(98, 36.35051469052731)	(99, 36.340024725514475)	(100, 36.300632670685815)	(101, 36.31338036817459)	(102, 36.32659490793992)	(103, 36.319324401197186)	(104, 36.2994781914044)	(105, 36.29658543380551)	(106, 36.286223845965786)	(107, 36.29533335558101)	(108, 36.28899037947639)	(109, 36.28673180553577)	(110, 36.29165792962127)	(111, 36.26739113604257)	(112, 36.25657124175903)	(113, 36.248399180306194)	(114, 36.1909536712221)	(115, 36.21831476746307)	(116, 36.26316109158347)	(117, 36.23135903417296)	(118, 36.165069509699244)	(119, 36.155591072642615)	(120, 36.21132033836861)	(121, 36.21791101944713)	(122, 36.20695277643667)	(123, 36.182461284688664)	(124, 36.16618016952505)	(125, 36.15689334707334)	(126, 36.17234758126531)	(127, 36.18251490954808)	(128, 36.19446271816915)	(129, 36.20390413507833)	(130, 36.133628255174145)	(131, 36.01892822785686)	(132, 36.07420970655566)	(133, 36.103150949705864)	(134, 36.09701118982473)	(135, 36.137596133251904)	(136, 36.067122083953215)	(137, 36.04604929035891)	(138, 36.07031625612387)	(139, 36.07601678077598)	(140, 35.97771363347589)	(141, 35.99685054262472)	(142, 36.03992256666256)	(143, 35.985370688970896)	(144, 35.972536517263656)	(145, 35.989359716486476)	(146, 36.008526644648335)	(147, 36.0064078759865)	(148, 35.9741111670776)	(149, 35.97104308849956)	(150, 35.937143170992734)
WW5-4.2	(1, 36.641039981141475)	(2, 36.65643793217968)	(3, 36.66509444976383)	(4, 36.643005343803644)	(5, 36.640504031122944)	(6, 36.642705869418045)	(7, 36.63015051564196)	(8, 36.62153290279934)	(9, 36.62529638734043)	(10, 36.61668029808969)	(11, 36.61763342882475)	(12, 36.617927127734156)	(13, 36.60134913706768)	(14, 36.60475532159641)	(15, 36.61016534834041)	(16, 36.61901529122874)	(17, 36.60346147319784)	(18, 36.59616063349675)	(19, 36.59479556603582)	(20, 36.600120909417114)	(21, 36.58425946755566)	(22, 36.58281942520122)	(23, 36.596622529863374)	(24, 36.584529001589175)	(25, 36.57899761898021)	(26, 36.562415624456)	(27, 36.56197101908561)	(28, 36.55003838920055)	(29, 36.558204097604694)	(30, 36.54449056597222)	(31, 36.54288431037324)	(32, 36.53266795359394)	(33, 36.529548771256806)	(34, 36.515474206183704)	(35, 36.525347870728254)	(36, 36.51644789338832)	(37, 36.50094910624234)	(38, 36.50910099448787)	(39, 36.51400683450432)	(40, 36.506051380848696)	(41, 36.50445606357162)	(42, 36.50975150028127)	(43, 36.49916454428341)	(44, 36.50023667747309)	(45, 36.46190490594771)	(46, 36.47860653053782)	(47, 36.46198433978561)	(48, 36.45970915741852)	(49, 36.436261188132875)	(50, 36.44157250211286)	(51, 36.448151264942844)	(52, 36.45433282278641)	(53, 36.43318316656336)	(54, 36.41753128922395)	(55, 36.4201419917116)	(56, 36.41733207408092)	(57, 36.40886556729903)	(58, 36.40885991522595)	(59, 36.390073064392986)	(60, 36.38166465038138)	(61, 36.398530658915625)	(62, 36.39545180879625)	(63, 36.374901606677106)	(64, 36.3826915252105)	(65, 36.36301470092786)	(66, 36.364839397993975)	(67, 36.35492496984425)	(68, 36.36858315197358)	(69, 36.366177137916374)	(70, 36.35765437619392)	(71, 36.34033587257064)	(72, 36.33633468964653)	(73, 36.343496392814686)	(74, 36.309695829315366)	(75, 36.31030470239463)	(76, 36.30825771479608)	(77, 36.29804681013167)	(78, 36.28229599788914)	(79, 36.28665404496694)	(80, 36.26929273542126)	(81, 36.26780983823358)	(82, 36.25985005289349)	(83, 36.226030275899944)	(84, 36.214004277425886)	(85, 36.25040010628026)	(86, 36.21359276802902)	(87, 36.2113232338234)	(88, 36.18062700443258)	(89, 36.202557645292394)	(90, 36.21484715315476)	(91, 36.18521615460211)	(92, 36.15657181264316)	(93, 36.155145540388425)	(94, 36.179993190824476)	(95, 36.204238852861415)	(96, 36.165897334290094)	(97, 36.16634847746905)	(98, 36.15872267801301)	(99, 36.14921659070805)	(100, 36.12444415700636)	(101, 36.10115115537002)	(102, 36.09039407714822)	(103, 36.15325321914694)	(104, 36.09976923509677)	(105, 36.09336261955631)	(106, 36.088894617808975)	(107, 36.07731568487765)	(108, 36.03153104697377)	(109, 35.96025384967726)	(110, 35.9793828345763)	(111, 36.00058508280074)	(112, 35.962715849587426)	(113, 35.94830644570112)	(114, 35.984365831335055)	(115, 36.05198163059956)	(116, 36.03158920659716)	(117, 36.01578706565622)	(118, 36.00090349136891)	(119, 35.984614325788456)	(120, 35.98216659900067)	(121, 35.95611426874871)	(122, 35.95079840001804)	(123, 35.953218742442274)	(124, 35.88364761865717)	(125, 35.879921990464986)	(126, 35.9461488065801)	(127, 35.89986363886383)	(128, 35.8589853834906)	(129, 35.823914805609746)	(130, 35.830909455266976)	(131, 35.8242622983606)	(132, 35.839667349365996)	(133, 35.80269418699127)	(134, 35.67946683281811)	(135, 35.69231579071505)	(136, 35.74962456863593)	(137, 35.74598861563053)	(138, 35.765632880489825)	(139, 35.732016964492836)	(140, 35.75417632187602)	(141, 35.766441076700886)	(142, 35.74004812692483)	(143, 35.75625674954489)	(144, 35.758306751799246)	(145, 35.67584861432226)	(146, 35.595592850687176)	(147, 35.56462027065093)	(148, 35.53481083866337)	(149, 35.50826797046252)	(150, 35.48973508967855)
WW5-5.1	(1, 36.63688237012602)	(2, 36.65871427441164)	(3, 36.69233696231043)	(4, 36.696182604854975)	(5, 36.69314973973881)	(6, 36.698885331510546)	(7, 36.698359314334255)	(8, 36.69552313362116)	(9, 36.694163584509596)	(10, 36.69706209319837)	(11, 36.69059558183601)	(12, 36.697183655310184)	(13, 36.68785727602576)	(14, 36.69558681515163)	(15, 36.69289572262181)	(16, 36.69093342266795)	(17, 36.68026617010542)	(18, 36.67685577599699)	(19, 36.675521009829225)	(20, 36.68173163487988)	(21, 36.66479378189817)	(22, 36.665148993350016)	(23, 36.67149566677157)	(24, 36.661954136729335)	(25, 36.66051227859509)	(26, 36.63194821170435)	(27, 36.645783088654134)	(28, 36.64682115238755)	(29, 36.629812785646386)	(30, 36.63447410609388)	(31, 36.63441782077356)	(32, 36.63112612052986)	(33, 36.62937178460238)	(34, 36.6272567765622)	(35, 36.60937513774498)	(36, 36.616379582678206)	(37, 36.61504749296997)	(38, 36.60391161712597)	(39, 36.60097802479855)	(40, 36.61003296853962)	(41, 36.60927507058017)	(42, 36.60270350584157)	(43, 36.59475564873956)	(44, 36.59938844627656)	(45, 36.594077674219825)	(46, 36.59319301476675)	(47, 36.5828238261145)	(48, 36.590078279873936)	(49, 36.57818706378109)	(50, 36.58002958836424)	(51, 36.570304946111406)	(52, 36.57658905551249)	(53, 36.56091734524515)	(54, 36.56263710268982)	(55, 36.55898546161421)	(56, 36.550128835721104)	(57, 36.542714271048816)	(58, 36.5496399136315)	(59, 36.546138109545296)	(60, 36.538623108514194)	(61, 36.541485733494504)	(62, 36.54449529001144)	(63, 36.52603438522778)	(64, 36.502451921477096)	(65, 36.51023625988587)	(66, 36.50805523527154)	(67, 36.507176957306775)	(68, 36.509734231405275)	(69, 36.52440276716758)	(70, 36.519054057952424)	(71, 36.50479782375051)	(72, 36.491050192528505)	(73, 36.496479154656555)	(74, 36.50809384689393)	(75, 36.498681363451624)	(76, 36.50107134423152)	(77, 36.4886357214394)	(78, 36.47448672205636)	(79, 36.471892113568735)	(80, 36.46162286690636)	(81, 36.46419958510565)	(82, 36.46418955550628)	(83, 36.45153635888269)	(84, 36.45339578330886)	(85, 36.44475105039146)	(86, 36.42770155883477)	(87, 36.443285386669544)	(88, 36.425926598363205)	(89, 36.390152142942114)	(90, 36.39727525700776)	(91, 36.41943011021094)	(92, 36.37241331373327)	(93, 36.39169654644615)	(94, 36.40796930838468)	(95, 36.39773043118525)	(96, 36.38276232245945)	(97, 36.38476322274049)	(98, 36.40645292509022)	(99, 36.39589917916105)	(100, 36.35773116987879)	(101, 36.370578679705275)	(102, 36.3884457826473)	(103, 36.37272197127449)	(104, 36.357639059629236)	(105, 36.360357937936755)	(106, 36.33940673481696)	(107, 36.34808325366433)	(108, 36.34066023821316)	(109, 36.339629606835835)	(110, 36.3498636790662)	(111, 36.31730402745795)	(112, 36.30737486677825)	(113, 36.29856576629104)	(114, 36.23926558916413)	(115, 36.27184512251052)	(116, 36.32284497366708)	(117, 36.289855722065575)	(118, 36.221708008742766)	(119, 36.23004830411692)	(120, 36.271643035777984)	(121, 36.26508236288416)	(122, 36.26505932456275)	(123, 36.244560187198466)	(124, 36.22570209843236)	(125, 36.21500870220537)	(126, 36.23257989900796)	(127, 36.241719363213264)	(128, 36.250607493442224)	(129, 36.27169526260404)	(130, 36.190308161952444)	(131, 36.070947187028686)	(132, 36.13063327242869)	(133, 36.170411206828824)	(134, 36.169749687780126)	(135, 36.212604643690376)	(136, 36.13501789915104)	(137, 36.13077069022105)	(138, 36.157609673664425)	(139, 36.15114949240588)	(140, 36.04511091185413)	(141, 36.0617017786834)	(142, 36.11799859901658)	(143, 36.060360886459456)	(144, 36.0881221541543)	(145, 36.09999613961435)	(146, 36.0915696895979)	(147, 36.073996028406114)	(148, 36.027182983115736)	(149, 36.01780645150331)	(150, 35.992236331890055)
WW5-5.2	(1, 36.71820729401676)	(2, 36.67504067512735)	(3, 36.67444121148955)	(4, 36.657122075012396)	(5, 36.649362306496045)	(6, 36.66299564880474)	(7, 36.65467439675366)	(8, 36.6476267430845)	(9, 36.64578051045452)	(10, 36.64827611099858)	(11, 36.642478287933656)	(12, 36.64742654588446)	(13, 36.63684891798602)	(14, 36.63693080805127)	(15, 36.64229030495429)	(16, 36.64387273942249)	(17, 36.63260455687114)	(18, 36.63721702043594)	(19, 36.62932569928427)	(20, 36.638045750474426)	(21, 36.617928638979706)	(22, 36.62138500561)	(23, 36.63164653012199)	(24, 36.62113414678754)	(25, 36.61401525424029)	(26, 36.59932953919033)	(27, 36.60095396608475)	(28, 36.58940675788015)	(29, 36.596161576414374)	(30, 36.58472524690693)	(31, 36.58082518823677)	(32, 36.56839849168877)	(33, 36.56953663790846)	(34, 36.55739088675686)	(35, 36.56949939471568)	(36, 36.556449407118635)	(37, 36.537914680102205)	(38, 36.552910662746164)	(39, 36.55454414080113)	(40, 36.54652338419881)	(41, 36.55021134234073)	(42, 36.55492806619805)	(43, 36.54622051625985)	(44, 36.535985223737995)	(45, 36.51541755443152)	(46, 36.526187688693476)	(47, 36.504986335767995)	(48, 36.50692123838607)	(49, 36.484820850764464)	(50, 36.48930636973006)	(51, 36.49783210512039)	(52, 36.503578704209986)	(53, 36.478120611317635)	(54, 36.46332770479681)	(55, 36.46676224327456)	(56, 36.46485252413085)	(57, 36.458192439699495)	(58, 36.457570164797566)	(59, 36.438526231794505)	(60, 36.428760255703594)	(61, 36.44796333912932)	(62, 36.44539787776655)	(63, 36.42479791214278)	(64, 36.434172940160195)	(65, 36.4119265322526)	(66, 36.41864614826554)	(67, 36.40829846977693)	(68, 36.42344963614268)	(69, 36.42037768440891)	(70, 36.41779005842189)	(71, 36.3991383213955)	(72, 36.39128655007792)	(73, 36.40595100197387)	(74, 36.36840416139465)	(75, 36.35293225171016)	(76, 36.36766446719194)	(77, 36.35735918257992)	(78, 36.33525128263011)	(79, 36.3298399143617)	(80, 36.31372400946931)	(81, 36.33125471685105)	(82, 36.32243280129042)	(83, 36.267784310742414)	(84, 36.269721138766855)	(85, 36.296503868528255)	(86, 36.26583407693361)	(87, 36.25408123137187)	(88, 36.23505180307529)	(89, 36.25688205987738)	(90, 36.25601026853543)	(91, 36.24468201846363)	(92, 36.20627776455197)	(93, 36.21894240920702)	(94, 36.23253323316735)	(95, 36.253273431867086)	(96, 36.217156021948966)	(97, 36.2173825143842)	(98, 36.21633262004504)	(99, 36.21382692618434)	(100, 36.183571651483135)	(101, 36.15155902543773)	(102, 36.16000882557863)	(103, 36.21594372253555)	(104, 36.17201696332301)	(105, 36.15121441869109)	(106, 36.16206899395058)	(107, 36.154424530866585)	(108, 36.08495742919632)	(109, 36.024980181526054)	(110, 36.03812304534872)	(111, 36.06004535455081)	(112, 36.03461415389411)	(113, 36.01884980682897)	(114, 36.03506801545574)	(115, 36.11154408359267)	(116, 36.10863617116318)	(117, 36.078703564729445)	(118, 36.051930592131555)	(119, 36.056798538190414)	(120, 36.05668899783141)	(121, 36.0169762987732)	(122, 36.02106894508137)	(123, 36.03029075513248)	(124, 35.949815692444936)	(125, 35.96843315729847)	(126, 36.03537827250567)	(127, 35.98363122654823)	(128, 35.94093449781418)	(129, 35.910420334803675)	(130, 35.91163733803315)	(131, 35.91257872496202)	(132, 35.926989205710996)	(133, 35.87521694630657)	(134, 35.73446676022204)	(135, 35.75553279732666)	(136, 35.83130054941216)	(137, 35.84152880389244)	(138, 35.85625432740644)	(139, 35.806083900720864)	(140, 35.82129302458608)	(141, 35.85600984152183)	(142, 35.838671640667805)	(143, 35.8492066362677)	(144, 35.82865479630729)	(145, 35.75641376492494)	(146, 35.680133711364995)	(147, 35.629899556048514)	(148, 35.59635557492081)	(149, 35.57455521750041)	(150, 35.56745166442069)
WW5-6.1	(1, 36.61882823035374)	(2, 36.6286827828233)	(3, 36.66355372257838)	(4, 36.66628795750423)	(5, 36.66368172148655)	(6, 36.67100396404205)	(7, 36.66928381035956)	(8, 36.662856130191614)	(9, 36.6652961904379)	(10, 36.6662253381371)	(11, 36.66323025014924)	(12, 36.66599315097762)	(13, 36.659394739088576)	(14, 36.66625440310092)	(15, 36.66401427255999)	(16, 36.66140181783724)	(17, 36.651427280940375)	(18, 36.649083860036036)	(19, 36.64517671747415)	(20, 36.65097328221491)	(21, 36.63531820764682)	(22, 36.6322363570839)	(23, 36.63706573028266)	(24, 36.62683466348774)	(25, 36.6251477981677)	(26, 36.59682585321215)	(27, 36.60675330087702)	(28, 36.608904607026226)	(29, 36.59261672102048)	(30, 36.59614811412448)	(31, 36.59763800944372)	(32, 36.59140114708172)	(33, 36.58590707079736)	(34, 36.58684045259034)	(35, 36.57381682427265)	(36, 36.57255330457389)	(37, 36.5832013961522)	(38, 36.57193981390082)	(39, 36.57008305017874)	(40, 36.57101337953419)	(41, 36.567084807127685)	(42, 36.55948139216038)	(43, 36.55243954185113)	(44, 36.55513303783055)	(45, 36.54955708800823)	(46, 36.5495677579178)	(47, 36.539921473964654)	(48, 36.544309273644096)	(49, 36.53288597263162)	(50, 36.5341466724094)	(51, 36.52555214535059)	(52, 36.532322180974745)	(53, 36.51739664447992)	(54, 36.51308841114225)	(55, 36.5164312859417)	(56, 36.50565655228562)	(57, 36.50061423592269)	(58, 36.50708931916511)	(59, 36.49860443803265)	(60, 36.489988693426945)	(61, 36.49437353545602)	(62, 36.49341884958403)	(63, 36.478933470296575)	(64, 36.45883397395492)	(65, 36.46436603626442)	(66, 36.461400631591154)	(67, 36.45945549708689)	(68, 36.46186580582805)	(69, 36.47526935064619)	(70, 36.469681514386686)	(71, 36.456524751078376)	(72, 36.44181236496582)	(73, 36.44805163793468)	(74, 36.45913523458571)	(75, 36.4437396965604)	(76, 36.448171470578394)	(77, 36.43200137315597)	(78, 36.42056435473011)	(79, 36.41779395300601)	(80, 36.40661282257361)	(81, 36.409405187794526)	(82, 36.41063748897478)	(83, 36.399189132039496)	(84, 36.393741715362616)	(85, 36.38379666645857)	(86, 36.36693964285229)	(87, 36.371057108401416)	(88, 36.367673051873794)	(89, 36.3315938959078)	(90, 36.22794501118138)	(91, 36.3566243476987)	(92, 36.304429811055755)	(93, 36.33528497812476)	(94, 36.3483592253543)	(95, 36.34622057165205)	(96, 36.324843670571276)	(97, 36.33101294843619)	(98, 36.34242486289073)	(99, 36.33071645382988)	(100, 36.29268402919924)	(101, 36.30626191533391)	(102, 36.31919577909982)	(103, 36.31244329058435)	(104, 36.29215723855101)	(105, 36.288414477990166)	(106, 36.279070316634396)	(107, 36.28786122557695)	(108, 36.28225795821128)	(109, 36.27761388855076)	(110, 36.284056557032706)	(111, 36.257833547558036)	(112, 36.25089739782745)	(113, 36.24012488414415)	(114, 36.18349297597485)	(115, 36.209483616208225)	(116, 36.25592973909181)	(117, 36.22247538077874)	(118, 36.15585426369165)	(119, 36.14509977595632)	(120, 36.203906458683626)	(121, 36.21008678190349)	(122, 36.198351108759745)	(123, 36.173693225919855)	(124, 36.15545533439985)	(125, 36.14712986963015)	(126, 36.16474957613088)	(127, 36.17402064182482)	(128, 36.18694534149982)	(129, 36.19447475203861)	(130, 36.125354097672265)	(131, 36.008504577135035)	(132, 36.063338042222455)	(133, 36.09400715048187)	(134, 36.08587948528614)	(135, 36.129383162527084)	(136, 36.05440194889848)	(137, 36.034957766824306)	(138, 36.05889947289227)	(139, 36.06634678666533)	(140, 35.96575909974493)	(141, 35.98395064611565)	(142, 36.02847594936777)	(143, 35.97620839589399)	(144, 35.959738197779735)	(145, 35.973486691243515)	(146, 35.99903681335216)	(147, 35.995618690997226)	(148, 35.961777007896494)	(149, 35.961118427092295)	(150, 35.92859996440619)
WW5-6.2	(1, 36.63462906205732)	(2, 36.62630301408663)	(3, 36.62866442600404)	(4, 36.60718914231387)	(5, 36.594526528580154)	(6, 36.60563612880089)	(7, 36.5884537801729)	(8, 36.58562759487524)	(9, 36.58524895222302)	(10, 36.590473329586814)	(11, 36.58211149912062)	(12, 36.58290759313533)	(13, 36.57249209351509)	(14, 36.57037952956593)	(15, 36.57970053709326)	(16, 36.58174718941966)	(17, 36.56543090355224)	(18, 36.56744450030194)	(19, 36.56077392482995)	(20, 36.56973584370818)	(21, 36.55280972568228)	(22, 36.55148278038902)	(23, 36.56740579135699)	(24, 36.5489134907956)	(25, 36.547031451250554)	(26, 36.52740874308032)	(27, 36.52771808208884)	(28, 36.51636399031891)	(29, 36.52175836779144)	(30, 36.509957393889025)	(31, 36.50590725436555)	(32, 36.492885618492956)	(33, 36.493061005929086)	(34, 36.48074754318759)	(35, 36.49041650178758)	(36, 36.47728709064337)	(37, 36.45928319993975)	(38, 36.471742210055844)	(39, 36.47328681439786)	(40, 36.46529426648436)	(41, 36.46434787909952)	(42, 36.469318096689484)	(43, 36.46000500301073)	(44, 36.459575612514676)	(45, 36.41982085825292)	(46, 36.43712625501832)	(47, 36.42008145747219)	(48, 36.41670711280494)	(49, 36.39416150746749)	(50, 36.39926972570212)	(51, 36.403724016822316)	(52, 36.41088122419592)	(53, 36.38789743063723)	(54, 36.37160391916999)	(55, 36.3743601208136)	(56, 36.371788908560674)	(57, 36.362432514108775)	(58, 36.36286814154817)	(59, 36.34066696011302)	(60, 36.331579603558986)	(61, 36.3527860762064)	(62, 36.34683053371175)	(63, 36.32636335185757)	(64, 36.33431391676381)	(65, 36.31209707440333)	(66, 36.314618317949204)	(67, 36.30531670266044)	(68, 36.31709729551277)	(69, 36.31703028926198)	(70, 36.307475305873744)	(71, 36.28943511464025)	(72, 36.28410364901117)	(73, 36.29118365373966)	(74, 36.25389661073129)	(75, 36.25625509068189)	(76, 36.252251991998584)	(77, 36.2427276163457)	(78, 36.22349105173475)	(79, 36.23200665514589)	(80, 36.212838336684996)	(81, 36.21051351668206)	(82, 36.198799013843264)	(83, 36.16603332513118)	(84, 36.153776703354076)	(85, 36.19069652027132)	(86, 36.15090489061539)	(87, 36.148270945717634)	(88, 36.11586296227841)	(89, 36.14096376408669)	(90, 36.151587439846125)	(91, 36.12160099296328)	(92, 36.0890064867997)	(93, 36.090129546835136)	(94, 36.11470385803789)	(95, 36.142748155829416)	(96, 36.10206441907695)	(97, 36.100750092683356)	(98, 36.09042216641927)	(99, 36.07960823209723)	(100, 36.05280270971536)	(101, 36.031621156616055)	(102, 36.02093003916834)	(103, 36.08528131648984)	(104, 36.028239734812786)	(105, 36.02403005443371)	(106, 36.01467725208567)	(107, 36.00266938815437)	(108, 35.95597525309946)	(109, 35.88158619395278)	(110, 35.89927457691462)	(111, 35.92308399521642)	(112, 35.882508474038445)	(113, 35.87101249784542)	(114, 35.90453263428724)	(115, 35.978258074470276)	(116, 35.95450285968248)	(117, 35.93868956144308)	(118, 35.919288881296836)	(119, 35.90342880909261)	(120, 35.89986953762072)	(121, 35.874787029693714)	(122, 35.867911931167505)	(123, 35.87132671570523)	(124, 35.8008992921803)	(125, 35.791565450987925)	(126, 35.862316343550674)	(127, 35.81379460705899)	(128, 35.76937297990182)	(129, 35.73280044811463)	(130, 35.73934040940106)	(131, 35.73252239108185)	(132, 35.75007829659889)	(133, 35.711495386818726)	(134, 35.58479558095619)	(135, 35.59726077592726)	(136, 35.65831585288017)	(137, 35.65035916507756)	(138, 35.67064790934284)	(139, 35.63525608147123)	(140, 35.6601646120993)	(141, 35.67113953374992)	(142, 35.64242112838933)	(143, 35.66092974929615)	(144, 35.661653530251826)	(145, 35.57852584178265)	(146, 35.49609674634025)	(147, 35.46448384944503)	(148, 35.43503719340231)	(149, 35.403940059425594)	(150, 35.38464833824476)
