Sample	0	1	2	3	4	5	6	7	8	9	10	11	12	13	14	15	16	17	18	19	20	21	22	23	24	25	26	27	28	29	30	31	32	33	34	35	36	37	38	39	40	41	42	43	44	45	46	47	48	49	50	51	52	53	54	55	56	57	58	59	60	61	62	63	64	65	66	67	68	69	70	71	72	73	74	75	76	77	78	79	80	81	82	83	84	85	86	87	88	89	90	91	92	93	94	95	96	97	98	99	100
BH3-2.1	(0.0, 80.0)	(1.0, 63.5)	(2.0, 71.0)	(3.0, 109.0)	(4.0, 153.0)	(5.0, 201.0)	(6.0, 307.0)	(7.0, 594.5)	(8.0, 1038.0)	(9.0, 1620.5)	(10.0, 2245.5)	(11.0, 2949.5)	(12.0, 4068.5)	(13.0, 6186.0)	(14.0, 10159.0)	(15.0, 17126.0)	(16.0, 31186.5)	(17.0, 55532.0)	(18.0, 74371.0)	(19.0, 88693.5)	(20.0, 118798.0)	(21.0, 163474.5)	(22.0, 222483.5)	(23.0, 304675.5)	(24.0, 414807.0)	(25.0, 556036.5)	(26.0, 716774.0)	(27.0, 882839.0)	(28.0, 1074804.0)	(29.0, 1293730.0)	(30.0, 1517701.5)	(31.0, 1737038.5)	(32.0, 1946395.0)	(33.0, 2150502.0)	(34.0, 2318026.0)	(35.0, 2413256.5)	(36.0, 2450687.0)	(37.0, 2449759.5)	(38.0, 2411438.5)	(39.0, 2334743.0)	(40.0, 2238891.5)	(41.0, 2098924.5)	(42.0, 1914760.5)	(43.0, 1719297.0)	(44.0, 1511449.5)	(45.0, 1305685.5)	(46.0, 1106030.5)	(47.0, 919228.0)	(48.0, 752939.5)	(49.0, 606841.0)	(50.0, 483564.0)	(51.0, 381554.0)	(52.0, 298690.0)	(53.0, 232722.0)	(54.0, 176381.0)	(55.0, 130110.5)	(56.0, 95568.0)	(57.0, 68538.0)	(58.0, 48625.5)	(59.0, 35020.0)	(60.0, 25308.0)	(61.0, 18598.0)	(62.0, 13651.5)	(63.0, 9950.0)	(64.0, 7250.5)	(65.0, 5152.0)	(66.0, 3662.5)	(67.0, 2713.5)	(68.0, 2019.5)	(69.0, 1564.0)	(70.0, 1226.5)	(71.0, 1041.5)	(72.0, 893.5)	(73.0, 709.5)	(74.0, 616.5)	(75.0, 536.0)	(76.0, 403.0)	(77.0, 311.5)	(78.0, 225.5)	(79.0, 155.5)	(80.0, 113.0)	(81.0, 66.5)	(82.0, 41.0)	(83.0, 22.5)	(84.0, 9.0)	(85.0, 6.0)	(86.0, 3.5)	(87.0, 1.0)	(88.0, 2.0)	(89.0, 1.0)	(90.0, 0.5)	(91.0, 0.5)	(92.0, 0.0)	(93.0, 0.0)	(94.0, 0.0)	(95.0, 0.0)	(96.0, 0.0)	(97.0, 0.0)	(98.0, 0.0)	(99.0, 0.0)	(100.0, 0.0)
BH3-2.2	(0.0, 342.0)	(1.0, 267.0)	(2.0, 207.5)	(3.0, 249.5)	(4.0, 331.0)	(5.0, 435.0)	(6.0, 561.5)	(7.0, 853.0)	(8.0, 1307.0)	(9.0, 1896.0)	(10.0, 2526.5)	(11.0, 3219.5)	(12.0, 4373.5)	(13.0, 6482.5)	(14.0, 10339.0)	(15.0, 17414.0)	(16.0, 31564.0)	(17.0, 55818.0)	(18.0, 74277.5)	(19.0, 88624.5)	(20.0, 118767.0)	(21.0, 162865.5)	(22.0, 222433.5)	(23.0, 304729.0)	(24.0, 414448.5)	(25.0, 555283.0)	(26.0, 714636.5)	(27.0, 881821.5)	(28.0, 1074030.0)	(29.0, 1290894.0)	(30.0, 1513776.0)	(31.0, 1735020.5)	(32.0, 1946908.0)	(33.0, 2151525.5)	(34.0, 2320237.0)	(35.0, 2414122.5)	(36.0, 2450792.5)	(37.0, 2447550.5)	(38.0, 2408035.0)	(39.0, 2334017.5)	(40.0, 2238803.5)	(41.0, 2101993.0)	(42.0, 1919661.5)	(43.0, 1722074.0)	(44.0, 1511900.5)	(45.0, 1304683.5)	(46.0, 1105262.0)	(47.0, 918709.0)	(48.0, 752005.5)	(49.0, 607325.0)	(50.0, 485479.5)	(51.0, 383298.5)	(52.0, 299298.5)	(53.0, 232057.5)	(54.0, 175918.5)	(55.0, 129933.5)	(56.0, 95576.0)	(57.0, 68768.0)	(58.0, 48559.0)	(59.0, 34865.0)	(60.0, 25146.0)	(61.0, 18367.0)	(62.0, 13682.5)	(63.0, 10102.0)	(64.0, 7278.0)	(65.0, 5165.0)	(66.0, 3706.5)	(67.0, 2717.5)	(68.0, 1996.5)	(69.0, 1580.5)	(70.0, 1307.0)	(71.0, 1072.0)	(72.0, 946.0)	(73.0, 801.5)	(74.0, 656.5)	(75.0, 535.0)	(76.0, 382.0)	(77.0, 295.0)	(78.0, 235.0)	(79.0, 168.5)	(80.0, 120.0)	(81.0, 74.0)	(82.0, 48.5)	(83.0, 31.0)	(84.0, 18.5)	(85.0, 9.0)	(86.0, 7.5)	(87.0, 7.0)	(88.0, 5.0)	(89.0, 2.5)	(90.0, 1.0)	(91.0, 2.5)	(92.0, 4.5)	(93.0, 5.0)	(94.0, 9.0)	(95.0, 11.0)	(96.0, 10.0)	(97.0, 13.5)	(98.0, 13.0)	(99.0, 8.0)	(100.0, 10.0)
WW1-2.1	(0.0, 22.0)	(1.0, 28.5)	(2.0, 47.5)	(3.0, 76.0)	(4.0, 124.5)	(5.0, 177.0)	(6.0, 234.5)	(7.0, 427.0)	(8.0, 778.5)	(9.0, 1296.5)	(10.0, 1752.0)	(11.0, 2375.5)	(12.0, 3625.0)	(13.0, 5573.5)	(14.0, 9210.5)	(15.0, 15514.0)	(16.0, 29809.5)	(17.0, 50500.5)	(18.0, 66915.5)	(19.0, 83839.0)	(20.0, 113624.5)	(21.0, 155812.5)	(22.0, 213905.5)	(23.0, 295256.5)	(24.0, 402150.5)	(25.0, 534648.5)	(26.0, 690785.0)	(27.0, 869441.5)	(28.0, 1072731.5)	(29.0, 1298641.0)	(30.0, 1535188.5)	(31.0, 1769440.0)	(32.0, 1994422.0)	(33.0, 2211271.0)	(34.0, 2395249.5)	(35.0, 2516694.0)	(36.0, 2583685.5)	(37.0, 2607357.5)	(38.0, 2590032.5)	(39.0, 2530127.0)	(40.0, 2437722.5)	(41.0, 2298565.0)	(42.0, 2117429.5)	(43.0, 1915205.5)	(44.0, 1698342.5)	(45.0, 1481353.5)	(46.0, 1266820.5)	(47.0, 1065322.0)	(48.0, 880269.0)	(49.0, 716170.5)	(50.0, 579378.5)	(51.0, 464591.5)	(52.0, 369992.0)	(53.0, 295321.5)	(54.0, 231838.0)	(55.0, 180085.0)	(56.0, 141343.5)	(57.0, 111410.0)	(58.0, 91215.0)	(59.0, 79352.5)	(60.0, 71742.5)	(61.0, 67678.5)	(62.0, 65907.0)	(63.0, 65126.5)	(64.0, 65002.0)	(65.0, 65727.5)	(66.0, 65859.5)	(67.0, 64689.5)	(68.0, 62703.5)	(69.0, 59510.5)	(70.0, 55330.0)	(71.0, 50341.0)	(72.0, 44232.5)	(73.0, 37795.0)	(74.0, 31521.0)	(75.0, 25435.5)	(76.0, 19707.0)	(77.0, 14659.0)	(78.0, 10642.5)	(79.0, 7451.5)	(80.0, 4999.0)	(81.0, 3268.5)	(82.0, 2046.0)	(83.0, 1210.5)	(84.0, 705.0)	(85.0, 396.5)	(86.0, 222.0)	(87.0, 132.0)	(88.0, 63.0)	(89.0, 37.0)	(90.0, 20.5)	(91.0, 8.5)	(92.0, 6.0)	(93.0, 2.5)	(94.0, 1.0)	(95.0, 1.0)	(96.0, 0.5)	(97.0, 0.0)	(98.0, 0.0)	(99.0, 0.0)	(100.0, 0.0)
WW1-2.2	(0.0, 363.0)	(1.0, 298.0)	(2.0, 229.5)	(3.0, 243.5)	(4.0, 299.0)	(5.0, 383.0)	(6.0, 473.0)	(7.0, 712.0)	(8.0, 1089.5)	(9.0, 1552.5)	(10.0, 2027.5)	(11.0, 2656.5)	(12.0, 3846.0)	(13.0, 5830.5)	(14.0, 9428.0)	(15.0, 15885.0)	(16.0, 30626.5)	(17.0, 51061.0)	(18.0, 67468.0)	(19.0, 84624.5)	(20.0, 113706.5)	(21.0, 156518.5)	(22.0, 214911.5)	(23.0, 294462.5)	(24.0, 400959.0)	(25.0, 533845.0)	(26.0, 687660.5)	(27.0, 865746.0)	(28.0, 1070134.0)	(29.0, 1295550.5)	(30.0, 1533003.0)	(31.0, 1768424.0)	(32.0, 1992925.0)	(33.0, 2210779.5)	(34.0, 2394710.5)	(35.0, 2514333.0)	(36.0, 2582362.0)	(37.0, 2607630.5)	(38.0, 2588395.5)	(39.0, 2528752.0)	(40.0, 2438042.5)	(41.0, 2300415.5)	(42.0, 2120126.0)	(43.0, 1916697.0)	(44.0, 1697347.0)	(45.0, 1481491.5)	(46.0, 1270463.0)	(47.0, 1066982.0)	(48.0, 881738.0)	(49.0, 718912.0)	(50.0, 580310.0)	(51.0, 465289.0)	(52.0, 372126.0)	(53.0, 296546.0)	(54.0, 232246.0)	(55.0, 180099.5)	(56.0, 140907.0)	(57.0, 111289.0)	(58.0, 91296.5)	(59.0, 79416.0)	(60.0, 71374.5)	(61.0, 67148.5)	(62.0, 65772.0)	(63.0, 65264.0)	(64.0, 65334.5)	(65.0, 65598.0)	(66.0, 65778.0)	(67.0, 64828.0)	(68.0, 62781.5)	(69.0, 59449.0)	(70.0, 55143.0)	(71.0, 50153.0)	(72.0, 44087.5)	(73.0, 37683.5)	(74.0, 31383.5)	(75.0, 25326.5)	(76.0, 19721.0)	(77.0, 14704.0)	(78.0, 10636.5)	(79.0, 7406.5)	(80.0, 4848.5)	(81.0, 3166.5)	(82.0, 2049.0)	(83.0, 1236.5)	(84.0, 702.0)	(85.0, 416.0)	(86.0, 218.0)	(87.0, 99.0)	(88.0, 57.5)	(89.0, 27.5)	(90.0, 15.0)	(91.0, 13.0)	(92.0, 7.0)	(93.0, 7.0)	(94.0, 11.5)	(95.0, 14.5)	(96.0, 16.0)	(97.0, 12.5)	(98.0, 10.0)	(99.0, 11.5)	(100.0, 15.5)
WW1-4.1	(0.0, 19.0)	(1.0, 21.0)	(2.0, 26.0)	(3.0, 28.5)	(4.0, 55.0)	(5.0, 102.5)	(6.0, 151.5)	(7.0, 282.0)	(8.0, 493.5)	(9.0, 817.0)	(10.0, 1247.0)	(11.0, 1856.0)	(12.0, 2973.5)	(13.0, 4835.5)	(14.0, 8299.5)	(15.0, 14142.0)	(16.0, 27655.0)	(17.0, 50336.0)	(18.0, 67521.5)	(19.0, 81691.5)	(20.0, 109157.5)	(21.0, 150630.5)	(22.0, 207959.0)	(23.0, 286905.5)	(24.0, 391732.0)	(25.0, 524551.0)	(26.0, 679048.5)	(27.0, 851838.0)	(28.0, 1049942.5)	(29.0, 1269088.0)	(30.0, 1498002.0)	(31.0, 1726554.5)	(32.0, 1944291.0)	(33.0, 2152167.0)	(34.0, 2327778.0)	(35.0, 2442112.5)	(36.0, 2503473.5)	(37.0, 2523198.0)	(38.0, 2502085.0)	(39.0, 2437891.0)	(40.0, 2346825.0)	(41.0, 2211006.5)	(42.0, 2031275.0)	(43.0, 1836732.5)	(44.0, 1629804.0)	(45.0, 1420041.5)	(46.0, 1210550.0)	(47.0, 1014166.5)	(48.0, 835240.5)	(49.0, 675041.5)	(50.0, 541618.0)	(51.0, 431628.5)	(52.0, 340588.0)	(53.0, 267361.5)	(54.0, 204444.0)	(55.0, 152104.0)	(56.0, 111697.0)	(57.0, 79222.5)	(58.0, 56264.5)	(59.0, 41147.5)	(60.0, 29924.5)	(61.0, 22058.5)	(62.0, 16037.0)	(63.0, 11438.0)	(64.0, 8252.0)	(65.0, 5636.0)	(66.0, 3719.0)	(67.0, 2550.0)	(68.0, 1739.0)	(69.0, 1199.5)	(70.0, 843.5)	(71.0, 570.5)	(72.0, 413.5)	(73.0, 321.0)	(74.0, 236.0)	(75.0, 163.5)	(76.0, 118.5)	(77.0, 88.0)	(78.0, 64.5)	(79.0, 48.5)	(80.0, 36.5)	(81.0, 30.0)	(82.0, 18.5)	(83.0, 11.0)	(84.0, 9.0)	(85.0, 8.0)	(86.0, 6.5)	(87.0, 2.5)	(88.0, 1.5)	(89.0, 1.5)	(90.0, 1.5)	(91.0, 1.0)	(92.0, 0.0)	(93.0, 0.0)	(94.0, 0.0)	(95.0, 0.0)	(96.0, 0.0)	(97.0, 0.0)	(98.0, 0.0)	(99.0, 0.0)	(100.0, 0.0)
WW1-4.2	(0.0, 251.0)	(1.0, 229.0)	(2.0, 194.5)	(3.0, 190.0)	(4.0, 235.0)	(5.0, 275.5)	(6.0, 327.5)	(7.0, 475.0)	(8.0, 724.0)	(9.0, 1102.5)	(10.0, 1566.0)	(11.0, 2150.5)	(12.0, 3195.0)	(13.0, 5068.5)	(14.0, 8509.5)	(15.0, 14510.0)	(16.0, 28289.5)	(17.0, 50884.0)	(18.0, 68012.5)	(19.0, 82012.5)	(20.0, 109651.0)	(21.0, 150820.5)	(22.0, 206946.0)	(23.0, 286006.0)	(24.0, 391953.0)	(25.0, 523242.5)	(26.0, 676362.0)	(27.0, 849612.5)	(28.0, 1048671.0)	(29.0, 1268002.0)	(30.0, 1495668.0)	(31.0, 1723813.0)	(32.0, 1940538.0)	(33.0, 2146638.5)	(34.0, 2324285.5)	(35.0, 2439597.0)	(36.0, 2501976.0)	(37.0, 2523328.0)	(38.0, 2500087.0)	(39.0, 2438450.0)	(40.0, 2346879.0)	(41.0, 2212206.0)	(42.0, 2036454.5)	(43.0, 1840926.0)	(44.0, 1633379.0)	(45.0, 1422580.0)	(46.0, 1212053.0)	(47.0, 1014503.0)	(48.0, 836317.5)	(49.0, 677443.0)	(50.0, 543224.0)	(51.0, 432195.0)	(52.0, 341072.5)	(53.0, 268261.5)	(54.0, 205229.5)	(55.0, 151999.0)	(56.0, 111786.5)	(57.0, 80192.5)	(58.0, 57101.5)	(59.0, 41350.5)	(60.0, 29527.5)	(61.0, 21443.0)	(62.0, 15695.0)	(63.0, 11175.0)	(64.0, 8048.0)	(65.0, 5668.0)	(66.0, 3864.5)	(67.0, 2727.0)	(68.0, 1886.0)	(69.0, 1245.5)	(70.0, 836.0)	(71.0, 599.0)	(72.0, 432.5)	(73.0, 338.0)	(74.0, 265.0)	(75.0, 181.5)	(76.0, 137.5)	(77.0, 106.0)	(78.0, 72.5)	(79.0, 52.5)	(80.0, 34.5)	(81.0, 21.0)	(82.0, 14.0)	(83.0, 13.0)	(84.0, 10.5)	(85.0, 6.0)	(86.0, 7.5)	(87.0, 7.0)	(88.0, 5.0)	(89.0, 6.5)	(90.0, 7.0)	(91.0, 8.0)	(92.0, 7.5)	(93.0, 4.5)	(94.0, 2.5)	(95.0, 5.0)	(96.0, 9.0)	(97.0, 11.5)	(98.0, 10.0)	(99.0, 5.0)	(100.0, 6.5)
WW2-1.1	(0.0, 43.0)	(1.0, 35.5)	(2.0, 40.5)	(3.0, 80.5)	(4.0, 125.5)	(5.0, 168.5)	(6.0, 235.5)	(7.0, 501.5)	(8.0, 897.5)	(9.0, 1441.0)	(10.0, 2018.5)	(11.0, 2725.0)	(12.0, 3845.0)	(13.0, 5709.5)	(14.0, 9245.5)	(15.0, 15022.5)	(16.0, 26495.5)	(17.0, 43489.0)	(18.0, 59321.5)	(19.0, 77559.5)	(20.0, 106980.0)	(21.0, 148479.5)	(22.0, 204161.5)	(23.0, 282099.5)	(24.0, 384750.0)	(25.0, 509593.0)	(26.0, 657882.0)	(27.0, 830982.0)	(28.0, 1029408.5)	(29.0, 1246466.5)	(30.0, 1473159.0)	(31.0, 1698786.5)	(32.0, 1914681.5)	(33.0, 2121622.5)	(34.0, 2301009.5)	(35.0, 2424756.5)	(36.0, 2496228.0)	(37.0, 2524619.0)	(38.0, 2511524.5)	(39.0, 2459824.5)	(40.0, 2377799.0)	(41.0, 2252815.0)	(42.0, 2085795.0)	(43.0, 1896173.0)	(44.0, 1692506.0)	(45.0, 1489144.5)	(46.0, 1289699.0)	(47.0, 1104796.0)	(48.0, 937303.5)	(49.0, 787386.0)	(50.0, 662217.5)	(51.0, 561924.0)	(52.0, 481027.5)	(53.0, 415384.5)	(54.0, 359360.5)	(55.0, 312502.0)	(56.0, 275279.5)	(57.0, 244577.5)	(58.0, 221679.5)	(59.0, 204507.0)	(60.0, 190744.0)	(61.0, 179665.5)	(62.0, 169934.5)	(63.0, 160780.0)	(64.0, 152321.5)	(65.0, 143335.0)	(66.0, 133720.0)	(67.0, 123458.0)	(68.0, 112055.0)	(69.0, 99851.0)	(70.0, 87232.0)	(71.0, 74484.5)	(72.0, 61895.0)	(73.0, 49890.5)	(74.0, 38770.0)	(75.0, 28969.5)	(76.0, 21003.5)	(77.0, 14720.0)	(78.0, 9942.5)	(79.0, 6509.5)	(80.0, 4067.5)	(81.0, 2527.0)	(82.0, 1586.0)	(83.0, 944.0)	(84.0, 525.5)	(85.0, 295.5)	(86.0, 161.5)	(87.0, 88.5)	(88.0, 52.5)	(89.0, 28.5)	(90.0, 13.5)	(91.0, 6.5)	(92.0, 4.0)	(93.0, 2.5)	(94.0, 1.0)	(95.0, 0.0)	(96.0, 0.0)	(97.0, 0.0)	(98.0, 0.0)	(99.0, 0.0)	(100.0, 1.0)
WW2-1.2	(0.0, 372.0)	(1.0, 309.0)	(2.0, 259.5)	(3.0, 285.0)	(4.0, 309.0)	(5.0, 379.5)	(6.0, 501.0)	(7.0, 771.5)	(8.0, 1248.0)	(9.0, 1791.5)	(10.0, 2266.5)	(11.0, 3014.5)	(12.0, 4178.0)	(13.0, 5997.0)	(14.0, 9570.5)	(15.0, 15411.0)	(16.0, 26706.5)	(17.0, 43428.5)	(18.0, 59358.0)	(19.0, 77953.0)	(20.0, 108154.5)	(21.0, 149394.0)	(22.0, 204864.5)	(23.0, 282449.0)	(24.0, 384940.0)	(25.0, 510195.0)	(26.0, 659225.0)	(27.0, 831856.0)	(28.0, 1028379.0)	(29.0, 1244956.5)	(30.0, 1470666.5)	(31.0, 1697935.0)	(32.0, 1916557.5)	(33.0, 2124202.0)	(34.0, 2302338.5)	(35.0, 2424639.5)	(36.0, 2497701.0)	(37.0, 2525293.5)	(38.0, 2509944.5)	(39.0, 2459402.5)	(40.0, 2376685.5)	(41.0, 2252340.0)	(42.0, 2087208.5)	(43.0, 1895749.0)	(44.0, 1691413.0)	(45.0, 1488743.5)	(46.0, 1289068.0)	(47.0, 1102162.5)	(48.0, 933897.0)	(49.0, 785897.5)	(50.0, 661940.0)	(51.0, 561257.0)	(52.0, 479869.0)	(53.0, 415402.0)	(54.0, 360914.0)	(55.0, 313537.0)	(56.0, 276628.5)	(57.0, 246367.5)	(58.0, 221629.0)	(59.0, 203258.5)	(60.0, 190087.5)	(61.0, 180084.0)	(62.0, 170163.5)	(63.0, 160495.0)	(64.0, 151927.0)	(65.0, 142943.5)	(66.0, 133465.5)	(67.0, 123077.0)	(68.0, 111702.5)	(69.0, 99949.5)	(70.0, 87312.5)	(71.0, 74375.0)	(72.0, 61880.5)	(73.0, 49598.5)	(74.0, 38420.0)	(75.0, 28877.5)	(76.0, 20886.5)	(77.0, 14535.5)	(78.0, 9736.5)	(79.0, 6387.5)	(80.0, 4048.5)	(81.0, 2531.0)	(82.0, 1605.0)	(83.0, 924.0)	(84.0, 502.5)	(85.0, 302.0)	(86.0, 176.5)	(87.0, 102.5)	(88.0, 63.0)	(89.0, 36.5)	(90.0, 21.5)	(91.0, 11.0)	(92.0, 7.0)	(93.0, 9.0)	(94.0, 8.0)	(95.0, 7.0)	(96.0, 8.0)	(97.0, 8.0)	(98.0, 9.0)	(99.0, 12.5)	(100.0, 19.0)
WW2-5.1	(0.0, 49.0)	(1.0, 42.5)	(2.0, 58.0)	(3.0, 118.0)	(4.0, 166.0)	(5.0, 228.5)	(6.0, 367.0)	(7.0, 650.5)	(8.0, 1167.5)	(9.0, 1896.0)	(10.0, 2490.5)	(11.0, 3228.0)	(12.0, 4599.0)	(13.0, 6708.0)	(14.0, 10647.5)	(15.0, 17429.0)	(16.0, 29436.5)	(17.0, 46986.5)	(18.0, 64934.5)	(19.0, 85114.0)	(20.0, 116186.5)	(21.0, 160695.0)	(22.0, 221566.0)	(23.0, 305482.0)	(24.0, 416591.5)	(25.0, 553151.5)	(26.0, 711019.0)	(27.0, 890676.5)	(28.0, 1095960.5)	(29.0, 1323546.0)	(30.0, 1560682.5)	(31.0, 1794132.0)	(32.0, 2017740.0)	(33.0, 2234762.5)	(34.0, 2421806.5)	(35.0, 2542659.5)	(36.0, 2608253.5)	(37.0, 2635162.0)	(38.0, 2618476.5)	(39.0, 2559383.5)	(40.0, 2471310.5)	(41.0, 2330290.0)	(42.0, 2140990.0)	(43.0, 1935888.5)	(44.0, 1721091.0)	(45.0, 1505158.5)	(46.0, 1291129.0)	(47.0, 1095086.0)	(48.0, 916425.5)	(49.0, 758978.5)	(50.0, 629816.5)	(51.0, 521309.5)	(52.0, 435312.5)	(53.0, 369562.5)	(54.0, 312723.0)	(55.0, 265151.5)	(56.0, 228307.5)	(57.0, 198400.0)	(58.0, 176249.5)	(59.0, 160253.0)	(60.0, 148408.0)	(61.0, 139137.0)	(62.0, 130786.5)	(63.0, 122410.0)	(64.0, 114109.0)	(65.0, 106392.5)	(66.0, 97668.5)	(67.0, 88881.5)	(68.0, 80247.5)	(69.0, 70663.5)	(70.0, 61147.5)	(71.0, 52144.5)	(72.0, 43091.5)	(73.0, 34107.5)	(74.0, 26300.0)	(75.0, 19670.5)	(76.0, 14092.5)	(77.0, 9867.5)	(78.0, 6468.5)	(79.0, 3993.0)	(80.0, 2474.0)	(81.0, 1470.0)	(82.0, 873.0)	(83.0, 511.5)	(84.0, 279.5)	(85.0, 139.5)	(86.0, 67.0)	(87.0, 37.0)	(88.0, 21.0)	(89.0, 9.5)	(90.0, 4.0)	(91.0, 3.5)	(92.0, 1.5)	(93.0, 0.0)	(94.0, 0.0)	(95.0, 0.0)	(96.0, 0.0)	(97.0, 0.0)	(98.0, 0.0)	(99.0, 0.0)	(100.0, 0.0)
WW2-5.2	(0.0, 286.0)	(1.0, 253.0)	(2.0, 235.0)	(3.0, 278.0)	(4.0, 340.0)	(5.0, 413.5)	(6.0, 531.0)	(7.0, 852.5)	(8.0, 1424.5)	(9.0, 2182.0)	(10.0, 2827.5)	(11.0, 3571.0)	(12.0, 4938.5)	(13.0, 7093.0)	(14.0, 11011.5)	(15.0, 17695.5)	(16.0, 30178.0)	(17.0, 47897.0)	(18.0, 65275.5)	(19.0, 84866.5)	(20.0, 116070.5)	(21.0, 160635.5)	(22.0, 221886.5)	(23.0, 306395.5)	(24.0, 416642.5)	(25.0, 552618.0)	(26.0, 710533.0)	(27.0, 891034.5)	(28.0, 1096489.0)	(29.0, 1321476.0)	(30.0, 1557195.5)	(31.0, 1793257.0)	(32.0, 2018789.5)	(33.0, 2235072.0)	(34.0, 2420438.5)	(35.0, 2538138.5)	(36.0, 2607719.5)	(37.0, 2638238.5)	(38.0, 2620219.0)	(39.0, 2558547.0)	(40.0, 2465123.5)	(41.0, 2328156.5)	(42.0, 2143430.5)	(43.0, 1938168.5)	(44.0, 1723097.0)	(45.0, 1506086.5)	(46.0, 1292362.5)	(47.0, 1094776.5)	(48.0, 915600.5)	(49.0, 758913.5)	(50.0, 629472.5)	(51.0, 521356.5)	(52.0, 435229.0)	(53.0, 369234.5)	(54.0, 312954.0)	(55.0, 265432.0)	(56.0, 229315.5)	(57.0, 199333.0)	(58.0, 176116.5)	(59.0, 160563.0)	(60.0, 148096.0)	(61.0, 138238.0)	(62.0, 130363.5)	(63.0, 122292.0)	(64.0, 114140.0)	(65.0, 106128.5)	(66.0, 97871.0)	(67.0, 89085.0)	(68.0, 79837.5)	(69.0, 70985.0)	(70.0, 61691.5)	(71.0, 52144.0)	(72.0, 43129.0)	(73.0, 34465.0)	(74.0, 26533.0)	(75.0, 19459.0)	(76.0, 13761.5)	(77.0, 9563.5)	(78.0, 6364.5)	(79.0, 4060.0)	(80.0, 2502.0)	(81.0, 1431.5)	(82.0, 809.0)	(83.0, 485.0)	(84.0, 291.5)	(85.0, 163.0)	(86.0, 83.5)	(87.0, 47.0)	(88.0, 34.0)	(89.0, 20.0)	(90.0, 9.0)	(91.0, 7.5)	(92.0, 8.5)	(93.0, 10.0)	(94.0, 11.5)	(95.0, 16.0)	(96.0, 16.5)	(97.0, 14.5)	(98.0, 15.5)	(99.0, 11.0)	(100.0, 9.0)
WW2-6.1	(0.0, 71.0)	(1.0, 60.5)	(2.0, 78.0)	(3.0, 131.0)	(4.0, 176.0)	(5.0, 256.0)	(6.0, 394.0)	(7.0, 671.0)	(8.0, 1280.0)	(9.0, 2081.0)	(10.0, 2656.0)	(11.0, 3316.0)	(12.0, 4532.5)	(13.0, 6522.0)	(14.0, 10274.5)	(15.0, 16867.0)	(16.0, 29863.0)	(17.0, 49557.5)	(18.0, 66370.5)	(19.0, 82691.0)	(20.0, 109803.5)	(21.0, 149027.5)	(22.0, 203417.5)	(23.0, 278657.5)	(24.0, 380027.5)	(25.0, 507047.5)	(26.0, 652254.0)	(27.0, 815551.5)	(28.0, 1004822.0)	(29.0, 1217571.5)	(30.0, 1438488.0)	(31.0, 1657124.0)	(32.0, 1866460.0)	(33.0, 2062505.5)	(34.0, 2231576.0)	(35.0, 2349028.5)	(36.0, 2418015.5)	(37.0, 2446521.5)	(38.0, 2434302.0)	(39.0, 2379000.0)	(40.0, 2293592.0)	(41.0, 2166428.5)	(42.0, 1995321.0)	(43.0, 1805182.5)	(44.0, 1600186.5)	(45.0, 1395571.5)	(46.0, 1196160.0)	(47.0, 1008711.0)	(48.0, 837818.0)	(49.0, 685381.5)	(50.0, 557861.0)	(51.0, 452913.5)	(52.0, 367946.0)	(53.0, 301597.0)	(54.0, 244219.5)	(55.0, 195401.0)	(56.0, 159151.5)	(57.0, 130429.0)	(58.0, 109462.5)	(59.0, 96179.5)	(60.0, 87009.0)	(61.0, 80615.5)	(62.0, 75735.0)	(63.0, 72076.5)	(64.0, 69505.5)	(65.0, 66928.5)	(66.0, 64269.5)	(67.0, 60523.0)	(68.0, 56299.0)	(69.0, 52011.0)	(70.0, 46527.5)	(71.0, 40449.5)	(72.0, 34322.5)	(73.0, 27940.0)	(74.0, 21893.5)	(75.0, 16719.0)	(76.0, 12080.0)	(77.0, 8319.0)	(78.0, 5513.0)	(79.0, 3509.0)	(80.0, 2199.5)	(81.0, 1296.5)	(82.0, 775.5)	(83.0, 472.0)	(84.0, 256.5)	(85.0, 135.0)	(86.0, 71.0)	(87.0, 32.5)	(88.0, 14.0)	(89.0, 8.5)	(90.0, 6.5)	(91.0, 4.0)	(92.0, 1.0)	(93.0, 0.0)	(94.0, 0.0)	(95.0, 0.0)	(96.0, 0.0)	(97.0, 0.0)	(98.0, 0.0)	(99.0, 0.0)	(100.0, 0.0)
WW2-6.2	(0.0, 398.0)	(1.0, 329.0)	(2.0, 261.5)	(3.0, 282.5)	(4.0, 339.0)	(5.0, 455.0)	(6.0, 622.0)	(7.0, 941.5)	(8.0, 1512.5)	(9.0, 2211.5)	(10.0, 2809.5)	(11.0, 3482.0)	(12.0, 4762.0)	(13.0, 6926.5)	(14.0, 10834.0)	(15.0, 17306.0)	(16.0, 30511.0)	(17.0, 50275.0)	(18.0, 67573.0)	(19.0, 83959.5)	(20.0, 110395.0)	(21.0, 149385.0)	(22.0, 203951.0)	(23.0, 279831.5)	(24.0, 381234.0)	(25.0, 506842.5)	(26.0, 652549.5)	(27.0, 817391.5)	(28.0, 1005446.5)	(29.0, 1215674.0)	(30.0, 1437828.0)	(31.0, 1657749.5)	(32.0, 1866592.0)	(33.0, 2062391.5)	(34.0, 2228802.5)	(35.0, 2346142.5)	(36.0, 2416670.0)	(37.0, 2445950.0)	(38.0, 2431534.5)	(39.0, 2377648.5)	(40.0, 2294552.5)	(41.0, 2164977.5)	(42.0, 1995284.5)	(43.0, 1805453.5)	(44.0, 1601840.0)	(45.0, 1397159.0)	(46.0, 1195560.0)	(47.0, 1007798.5)	(48.0, 836939.5)	(49.0, 684586.0)	(50.0, 557083.5)	(51.0, 452797.0)	(52.0, 367530.0)	(53.0, 301288.5)	(54.0, 244337.0)	(55.0, 196367.5)	(56.0, 159843.5)	(57.0, 130592.5)	(58.0, 109746.5)	(59.0, 95942.5)	(60.0, 85949.5)	(61.0, 79696.5)	(62.0, 75957.0)	(63.0, 72601.5)	(64.0, 69721.0)	(65.0, 67520.5)	(66.0, 64262.5)	(67.0, 60381.0)	(68.0, 56524.5)	(69.0, 51769.0)	(70.0, 45992.5)	(71.0, 40415.5)	(72.0, 34656.5)	(73.0, 28199.5)	(74.0, 22097.0)	(75.0, 16716.5)	(76.0, 12239.5)	(77.0, 8434.0)	(78.0, 5534.0)	(79.0, 3586.5)	(80.0, 2177.5)	(81.0, 1261.0)	(82.0, 700.0)	(83.0, 393.0)	(84.0, 247.5)	(85.0, 125.5)	(86.0, 65.5)	(87.0, 39.5)	(88.0, 17.0)	(89.0, 12.0)	(90.0, 5.5)	(91.0, 4.0)	(92.0, 5.0)	(93.0, 5.5)	(94.0, 8.0)	(95.0, 9.5)	(96.0, 8.5)	(97.0, 8.5)	(98.0, 9.0)	(99.0, 9.0)	(100.0, 12.0)
WW3-1.1	(0.0, 9.0)	(1.0, 12.5)	(2.0, 26.5)	(3.0, 35.5)	(4.0, 43.5)	(5.0, 70.0)	(6.0, 123.0)	(7.0, 233.5)	(8.0, 402.0)	(9.0, 691.5)	(10.0, 1017.0)	(11.0, 1455.5)	(12.0, 2311.0)	(13.0, 3847.5)	(14.0, 6510.5)	(15.0, 11190.0)	(16.0, 21365.5)	(17.0, 35540.5)	(18.0, 47887.0)	(19.0, 61799.0)	(20.0, 84634.0)	(21.0, 117929.0)	(22.0, 163233.5)	(23.0, 225476.0)	(24.0, 309038.0)	(25.0, 411709.5)	(26.0, 531658.5)	(27.0, 670029.5)	(28.0, 827694.5)	(29.0, 1002677.0)	(30.0, 1184224.0)	(31.0, 1364476.0)	(32.0, 1540295.5)	(33.0, 1710977.5)	(34.0, 1854951.0)	(35.0, 1944303.5)	(36.0, 1992242.5)	(37.0, 2012939.5)	(38.0, 2000646.5)	(39.0, 1954189.5)	(40.0, 1885143.5)	(41.0, 1779544.0)	(42.0, 1637666.0)	(43.0, 1481094.5)	(44.0, 1314555.0)	(45.0, 1146493.0)	(46.0, 981697.5)	(47.0, 826084.0)	(48.0, 681576.5)	(49.0, 552168.0)	(50.0, 444667.0)	(51.0, 356330.0)	(52.0, 282921.5)	(53.0, 224325.5)	(54.0, 174539.5)	(55.0, 132062.5)	(56.0, 99011.5)	(57.0, 73224.0)	(58.0, 54793.5)	(59.0, 42742.0)	(60.0, 34085.5)	(61.0, 28651.5)	(62.0, 25389.0)	(63.0, 23315.0)	(64.0, 22343.0)	(65.0, 22025.5)	(66.0, 22352.5)	(67.0, 23122.0)	(68.0, 23758.5)	(69.0, 24222.0)	(70.0, 24230.5)	(71.0, 23624.5)	(72.0, 22657.0)	(73.0, 21110.5)	(74.0, 18894.0)	(75.0, 16409.5)	(76.0, 13703.5)	(77.0, 11069.0)	(78.0, 8643.5)	(79.0, 6427.5)	(80.0, 4523.0)	(81.0, 3060.5)	(82.0, 2002.5)	(83.0, 1231.0)	(84.0, 734.5)	(85.0, 427.0)	(86.0, 222.0)	(87.0, 111.0)	(88.0, 60.0)	(89.0, 31.0)	(90.0, 10.0)	(91.0, 2.5)	(92.0, 2.0)	(93.0, 1.5)	(94.0, 0.5)	(95.0, 0.5)	(96.0, 0.5)	(97.0, 0.0)	(98.0, 0.0)	(99.0, 0.0)	(100.0, 0.0)
WW3-1.2	(0.0, 194.0)	(1.0, 159.5)	(2.0, 129.0)	(3.0, 135.0)	(4.0, 153.0)	(5.0, 202.0)	(6.0, 259.0)	(7.0, 379.0)	(8.0, 580.0)	(9.0, 878.0)	(10.0, 1181.5)	(11.0, 1632.5)	(12.0, 2578.5)	(13.0, 4154.5)	(14.0, 6866.5)	(15.0, 11368.0)	(16.0, 21356.5)	(17.0, 35510.5)	(18.0, 47742.5)	(19.0, 61592.5)	(20.0, 84761.5)	(21.0, 117722.0)	(22.0, 162545.5)	(23.0, 225494.5)	(24.0, 308902.0)	(25.0, 411553.5)	(26.0, 530558.0)	(27.0, 668951.5)	(28.0, 828325.0)	(29.0, 1001538.0)	(30.0, 1183368.5)	(31.0, 1365844.0)	(32.0, 1540680.5)	(33.0, 1709176.0)	(34.0, 1853733.0)	(35.0, 1942545.0)	(36.0, 1990175.5)	(37.0, 2012128.5)	(38.0, 1999136.0)	(39.0, 1952631.0)	(40.0, 1883241.5)	(41.0, 1779869.5)	(42.0, 1641658.5)	(43.0, 1484373.0)	(44.0, 1314967.5)	(45.0, 1145991.0)	(46.0, 981324.5)	(47.0, 825827.0)	(48.0, 682594.5)	(49.0, 554923.5)	(50.0, 446737.0)	(51.0, 356406.5)	(52.0, 282293.5)	(53.0, 223922.5)	(54.0, 174312.0)	(55.0, 132229.0)	(56.0, 99492.0)	(57.0, 73547.5)	(58.0, 55058.0)	(59.0, 42799.5)	(60.0, 34085.5)	(61.0, 28692.0)	(62.0, 25305.0)	(63.0, 23301.5)	(64.0, 22405.0)	(65.0, 22166.0)	(66.0, 22529.5)	(67.0, 23294.5)	(68.0, 23778.0)	(69.0, 24093.0)	(70.0, 24234.0)	(71.0, 23645.5)	(72.0, 22397.0)	(73.0, 20739.5)	(74.0, 18755.0)	(75.0, 16474.0)	(76.0, 13692.5)	(77.0, 10927.0)	(78.0, 8651.0)	(79.0, 6519.0)	(80.0, 4550.0)	(81.0, 3078.0)	(82.0, 2033.0)	(83.0, 1280.5)	(84.0, 725.0)	(85.0, 401.5)	(86.0, 224.0)	(87.0, 118.5)	(88.0, 59.5)	(89.0, 30.0)	(90.0, 24.0)	(91.0, 14.5)	(92.0, 7.0)	(93.0, 8.5)	(94.0, 9.5)	(95.0, 8.0)	(96.0, 6.5)	(97.0, 6.5)	(98.0, 9.0)	(99.0, 6.5)	(100.0, 7.5)
WW5-1.1	(0.0, 21.0)	(1.0, 25.5)	(2.0, 35.0)	(3.0, 54.5)	(4.0, 82.0)	(5.0, 110.0)	(6.0, 198.5)	(7.0, 447.0)	(8.0, 768.5)	(9.0, 1213.0)	(10.0, 1711.5)	(11.0, 2418.5)	(12.0, 3603.5)	(13.0, 5503.0)	(14.0, 9187.0)	(15.0, 15479.0)	(16.0, 28421.5)	(17.0, 46833.0)	(18.0, 62944.0)	(19.0, 80478.5)	(20.0, 109394.0)	(21.0, 150151.0)	(22.0, 206460.5)	(23.0, 285619.0)	(24.0, 392857.0)	(25.0, 524114.0)	(26.0, 675485.0)	(27.0, 849403.5)	(28.0, 1048750.5)	(29.0, 1269767.5)	(30.0, 1499027.0)	(31.0, 1725805.0)	(32.0, 1946206.0)	(33.0, 2158673.5)	(34.0, 2337801.5)	(35.0, 2457189.5)	(36.0, 2526895.5)	(37.0, 2553232.5)	(38.0, 2535225.5)	(39.0, 2478522.5)	(40.0, 2389321.5)	(41.0, 2252301.5)	(42.0, 2074071.5)	(43.0, 1875371.0)	(44.0, 1660261.5)	(45.0, 1443080.0)	(46.0, 1229970.5)	(47.0, 1029453.5)	(48.0, 845338.5)	(49.0, 682013.5)	(50.0, 545916.5)	(51.0, 432284.5)	(52.0, 338444.0)	(53.0, 264154.5)	(54.0, 200283.5)	(55.0, 148101.0)	(56.0, 108644.0)	(57.0, 78116.0)	(58.0, 56516.5)	(59.0, 40997.5)	(60.0, 29348.5)	(61.0, 21390.5)	(62.0, 15957.0)	(63.0, 11993.5)	(64.0, 8971.0)	(65.0, 6625.5)	(66.0, 4886.0)	(67.0, 3730.5)	(68.0, 2903.5)	(69.0, 2353.5)	(70.0, 1981.5)	(71.0, 1602.5)	(72.0, 1329.0)	(73.0, 1153.5)	(74.0, 995.5)	(75.0, 801.5)	(76.0, 646.0)	(77.0, 491.0)	(78.0, 343.0)	(79.0, 246.5)	(80.0, 195.0)	(81.0, 137.0)	(82.0, 84.0)	(83.0, 58.0)	(84.0, 35.5)	(85.0, 16.0)	(86.0, 8.5)	(87.0, 6.5)	(88.0, 3.0)	(89.0, 1.0)	(90.0, 0.5)	(91.0, 0.5)	(92.0, 0.5)	(93.0, 0.5)	(94.0, 0.5)	(95.0, 0.0)	(96.0, 0.0)	(97.0, 0.0)	(98.0, 0.0)	(99.0, 0.0)	(100.0, 0.0)
WW5-1.2	(0.0, 274.0)	(1.0, 239.0)	(2.0, 195.0)	(3.0, 206.0)	(4.0, 234.0)	(5.0, 268.5)	(6.0, 362.0)	(7.0, 600.5)	(8.0, 931.5)	(9.0, 1431.0)	(10.0, 1952.5)	(11.0, 2662.0)	(12.0, 3991.0)	(13.0, 5804.5)	(14.0, 9503.0)	(15.0, 15868.5)	(16.0, 28944.5)	(17.0, 47378.5)	(18.0, 63188.0)	(19.0, 80505.5)	(20.0, 109177.5)	(21.0, 150121.0)	(22.0, 206737.0)	(23.0, 286674.0)	(24.0, 392297.0)	(25.0, 522275.0)	(26.0, 673991.5)	(27.0, 849137.5)	(28.0, 1049211.5)	(29.0, 1269566.5)	(30.0, 1498776.0)	(31.0, 1727676.5)	(32.0, 1949936.0)	(33.0, 2158997.0)	(34.0, 2336235.0)	(35.0, 2455555.5)	(36.0, 2523591.0)	(37.0, 2550399.0)	(38.0, 2534832.0)	(39.0, 2480376.5)	(40.0, 2388945.0)	(41.0, 2252709.0)	(42.0, 2077150.0)	(43.0, 1876918.5)	(44.0, 1660578.0)	(45.0, 1442266.0)	(46.0, 1227924.0)	(47.0, 1027523.5)	(48.0, 845425.5)	(49.0, 683134.0)	(50.0, 546133.5)	(51.0, 431545.0)	(52.0, 338289.0)	(53.0, 263616.0)	(54.0, 199904.5)	(55.0, 147971.5)	(56.0, 108606.5)	(57.0, 78605.0)	(58.0, 56536.0)	(59.0, 40600.5)	(60.0, 29200.5)	(61.0, 21385.5)	(62.0, 15761.0)	(63.0, 11746.5)	(64.0, 8988.0)	(65.0, 6744.5)	(66.0, 5070.0)	(67.0, 3861.5)	(68.0, 2917.0)	(69.0, 2325.0)	(70.0, 1953.5)	(71.0, 1676.0)	(72.0, 1417.5)	(73.0, 1196.5)	(74.0, 991.5)	(75.0, 814.5)	(76.0, 636.5)	(77.0, 490.0)	(78.0, 380.0)	(79.0, 282.0)	(80.0, 195.5)	(81.0, 108.5)	(82.0, 64.5)	(83.0, 50.0)	(84.0, 36.5)	(85.0, 25.5)	(86.0, 18.5)	(87.0, 12.5)	(88.0, 7.5)	(89.0, 6.0)	(90.0, 8.5)	(91.0, 8.5)	(92.0, 6.0)	(93.0, 6.5)	(94.0, 7.5)	(95.0, 11.5)	(96.0, 15.0)	(97.0, 15.0)	(98.0, 14.5)	(99.0, 10.5)	(100.0, 13.0)
WW5-3.1	(0.0, 50.0)	(1.0, 42.5)	(2.0, 53.0)	(3.0, 88.5)	(4.0, 139.5)	(5.0, 199.5)	(6.0, 283.5)	(7.0, 585.5)	(8.0, 1116.5)	(9.0, 1769.0)	(10.0, 2207.5)	(11.0, 2869.5)	(12.0, 4192.0)	(13.0, 6141.5)	(14.0, 10075.0)	(15.0, 16476.5)	(16.0, 29051.5)	(17.0, 46340.5)	(18.0, 62544.0)	(19.0, 81398.5)	(20.0, 110501.5)	(21.0, 153205.5)	(22.0, 213361.0)	(23.0, 296038.0)	(24.0, 405119.5)	(25.0, 538665.0)	(26.0, 697857.0)	(27.0, 882477.5)	(28.0, 1091737.0)	(29.0, 1323202.5)	(30.0, 1566342.5)	(31.0, 1805684.5)	(32.0, 2031413.0)	(33.0, 2250053.0)	(34.0, 2438589.5)	(35.0, 2570011.5)	(36.0, 2647761.0)	(37.0, 2678589.5)	(38.0, 2662569.5)	(39.0, 2599157.0)	(40.0, 2508220.0)	(41.0, 2367110.5)	(42.0, 2179186.5)	(43.0, 1971799.5)	(44.0, 1747197.5)	(45.0, 1521199.0)	(46.0, 1298809.5)	(47.0, 1090308.5)	(48.0, 898650.5)	(49.0, 726781.0)	(50.0, 581086.0)	(51.0, 461155.0)	(52.0, 363300.0)	(53.0, 284364.5)	(54.0, 217075.0)	(55.0, 161923.5)	(56.0, 119286.0)	(57.0, 85308.5)	(58.0, 61005.0)	(59.0, 44432.0)	(60.0, 32066.5)	(61.0, 23807.0)	(62.0, 17819.5)	(63.0, 13082.0)	(64.0, 9836.0)	(65.0, 7285.5)	(66.0, 5427.0)	(67.0, 4193.0)	(68.0, 3247.5)	(69.0, 2619.0)	(70.0, 2214.0)	(71.0, 1901.0)	(72.0, 1602.0)	(73.0, 1312.5)	(74.0, 1102.5)	(75.0, 890.5)	(76.0, 720.0)	(77.0, 554.5)	(78.0, 397.0)	(79.0, 291.0)	(80.0, 197.5)	(81.0, 135.0)	(82.0, 87.0)	(83.0, 39.5)	(84.0, 30.5)	(85.0, 16.5)	(86.0, 6.5)	(87.0, 4.5)	(88.0, 1.0)	(89.0, 0.5)	(90.0, 0.0)	(91.0, 0.5)	(92.0, 1.5)	(93.0, 1.5)	(94.0, 0.5)	(95.0, 0.0)	(96.0, 0.0)	(97.0, 0.0)	(98.0, 0.0)	(99.0, 0.0)	(100.0, 0.0)
WW5-3.2	(0.0, 293.0)	(1.0, 258.0)	(2.0, 212.0)	(3.0, 227.5)	(4.0, 284.5)	(5.0, 356.0)	(6.0, 476.5)	(7.0, 795.5)	(8.0, 1327.0)	(9.0, 1974.5)	(10.0, 2475.0)	(11.0, 3064.5)	(12.0, 4412.0)	(13.0, 6572.5)	(14.0, 10616.5)	(15.0, 17088.5)	(16.0, 29827.5)	(17.0, 47084.0)	(18.0, 63060.0)	(19.0, 82004.0)	(20.0, 112076.0)	(21.0, 155600.5)	(22.0, 215032.0)	(23.0, 296713.5)	(24.0, 404675.0)	(25.0, 539377.5)	(26.0, 697886.0)	(27.0, 880181.5)	(28.0, 1089730.0)	(29.0, 1322280.5)	(30.0, 1563791.0)	(31.0, 1802908.5)	(32.0, 2030444.5)	(33.0, 2246993.0)	(34.0, 2437122.5)	(35.0, 2569430.0)	(36.0, 2644756.5)	(37.0, 2674860.5)	(38.0, 2656903.0)	(39.0, 2596957.5)	(40.0, 2507916.0)	(41.0, 2367499.5)	(42.0, 2182605.0)	(43.0, 1975099.5)	(44.0, 1748995.0)	(45.0, 1520871.5)	(46.0, 1298861.5)	(47.0, 1090929.5)	(48.0, 898343.0)	(49.0, 727015.0)	(50.0, 583194.5)	(51.0, 463198.5)	(52.0, 364549.0)	(53.0, 285149.5)	(54.0, 218521.0)	(55.0, 162829.5)	(56.0, 119566.5)	(57.0, 85978.0)	(58.0, 61321.0)	(59.0, 44631.5)	(60.0, 32481.5)	(61.0, 23769.5)	(62.0, 17495.0)	(63.0, 12957.5)	(64.0, 9702.0)	(65.0, 7261.5)	(66.0, 5470.0)	(67.0, 4239.0)	(68.0, 3387.0)	(69.0, 2769.0)	(70.0, 2277.5)	(71.0, 1902.0)	(72.0, 1649.5)	(73.0, 1363.5)	(74.0, 1110.0)	(75.0, 907.5)	(76.0, 728.0)	(77.0, 571.0)	(78.0, 424.5)	(79.0, 313.0)	(80.0, 226.5)	(81.0, 156.5)	(82.0, 93.0)	(83.0, 56.0)	(84.0, 40.0)	(85.0, 25.0)	(86.0, 15.0)	(87.0, 12.5)	(88.0, 10.0)	(89.0, 6.0)	(90.0, 5.0)	(91.0, 3.5)	(92.0, 3.5)	(93.0, 5.5)	(94.0, 9.5)	(95.0, 11.0)	(96.0, 10.0)	(97.0, 12.0)	(98.0, 14.0)	(99.0, 10.0)	(100.0, 13.5)
WW5-4.1	(0.0, 7.0)	(1.0, 6.5)	(2.0, 9.5)	(3.0, 15.5)	(4.0, 27.0)	(5.0, 36.0)	(6.0, 52.5)	(7.0, 125.0)	(8.0, 232.0)	(9.0, 402.0)	(10.0, 643.5)	(11.0, 988.5)	(12.0, 1660.5)	(13.0, 2723.0)	(14.0, 4677.5)	(15.0, 7891.0)	(16.0, 14114.5)	(17.0, 22883.0)	(18.0, 32133.0)	(19.0, 43892.0)	(20.0, 62134.0)	(21.0, 88134.5)	(22.0, 123513.0)	(23.0, 172324.0)	(24.0, 236992.0)	(25.0, 316563.5)	(26.0, 410149.0)	(27.0, 518317.0)	(28.0, 641929.0)	(29.0, 779117.5)	(30.0, 921982.0)	(31.0, 1063459.5)	(32.0, 1199830.5)	(33.0, 1330783.5)	(34.0, 1443346.5)	(35.0, 1517797.0)	(36.0, 1561470.0)	(37.0, 1580391.5)	(38.0, 1569635.0)	(39.0, 1534410.5)	(40.0, 1479531.0)	(41.0, 1394393.5)	(42.0, 1284195.5)	(43.0, 1162671.5)	(44.0, 1030564.0)	(45.0, 896436.0)	(46.0, 764347.5)	(47.0, 639576.5)	(48.0, 526852.0)	(49.0, 427177.5)	(50.0, 342118.5)	(51.0, 270256.5)	(52.0, 212368.0)	(53.0, 165565.5)	(54.0, 126089.0)	(55.0, 94481.5)	(56.0, 69523.0)	(57.0, 50332.5)	(58.0, 36204.0)	(59.0, 26447.5)	(60.0, 19728.5)	(61.0, 14840.5)	(62.0, 11217.5)	(63.0, 8648.5)	(64.0, 6924.5)	(65.0, 5579.5)	(66.0, 4635.5)	(67.0, 4037.0)	(68.0, 3547.0)	(69.0, 3209.5)	(70.0, 2961.5)	(71.0, 2735.5)	(72.0, 2436.5)	(73.0, 2160.5)	(74.0, 1871.5)	(75.0, 1585.5)	(76.0, 1309.5)	(77.0, 985.0)	(78.0, 740.0)	(79.0, 547.0)	(80.0, 388.5)	(81.0, 254.5)	(82.0, 161.5)	(83.0, 111.5)	(84.0, 66.0)	(85.0, 36.0)	(86.0, 20.0)	(87.0, 8.0)	(88.0, 5.5)	(89.0, 4.0)	(90.0, 1.5)	(91.0, 1.0)	(92.0, 1.5)	(93.0, 0.5)	(94.0, 0.0)	(95.0, 0.5)	(96.0, 0.5)	(97.0, 0.0)	(98.0, 0.0)	(99.0, 0.0)	(100.0, 0.0)
WW5-4.2	(0.0, 160.0)	(1.0, 131.0)	(2.0, 101.5)	(3.0, 106.0)	(4.0, 119.0)	(5.0, 136.5)	(6.0, 171.5)	(7.0, 266.0)	(8.0, 371.0)	(9.0, 595.5)	(10.0, 850.0)	(11.0, 1135.5)	(12.0, 1792.0)	(13.0, 2852.5)	(14.0, 4874.5)	(15.0, 8286.0)	(16.0, 14459.5)	(17.0, 23186.0)	(18.0, 32002.0)	(19.0, 43766.5)	(20.0, 62452.5)	(21.0, 88241.0)	(22.0, 123891.5)	(23.0, 173094.0)	(24.0, 237385.0)	(25.0, 316857.0)	(26.0, 410646.0)	(27.0, 518305.0)	(28.0, 642407.5)	(29.0, 779354.0)	(30.0, 922140.5)	(31.0, 1065756.5)	(32.0, 1202244.0)	(33.0, 1331785.0)	(34.0, 1442639.5)	(35.0, 1518413.5)	(36.0, 1562254.0)	(37.0, 1578153.5)	(38.0, 1568596.5)	(39.0, 1533063.0)	(40.0, 1476928.0)	(41.0, 1394503.0)	(42.0, 1284684.0)	(43.0, 1159815.0)	(44.0, 1027816.5)	(45.0, 895894.0)	(46.0, 764135.0)	(47.0, 639615.0)	(48.0, 526233.5)	(49.0, 426719.5)	(50.0, 342628.5)	(51.0, 270508.5)	(52.0, 211676.5)	(53.0, 165525.5)	(54.0, 126561.5)	(55.0, 94264.5)	(56.0, 69662.0)	(57.0, 50418.5)	(58.0, 36339.5)	(59.0, 26590.5)	(60.0, 19602.5)	(61.0, 14719.5)	(62.0, 11181.5)	(63.0, 8717.5)	(64.0, 6928.5)	(65.0, 5653.0)	(66.0, 4746.5)	(67.0, 4040.0)	(68.0, 3551.0)	(69.0, 3230.5)	(70.0, 3034.0)	(71.0, 2738.0)	(72.0, 2441.0)	(73.0, 2132.0)	(74.0, 1762.5)	(75.0, 1538.5)	(76.0, 1275.5)	(77.0, 1013.0)	(78.0, 810.0)	(79.0, 590.0)	(80.0, 396.5)	(81.0, 263.0)	(82.0, 163.5)	(83.0, 108.5)	(84.0, 69.0)	(85.0, 36.0)	(86.0, 20.5)	(87.0, 11.5)	(88.0, 9.0)	(89.0, 9.5)	(90.0, 6.5)	(91.0, 6.0)	(92.0, 4.5)	(93.0, 3.5)	(94.0, 5.0)	(95.0, 5.5)	(96.0, 8.0)	(97.0, 8.0)	(98.0, 7.5)	(99.0, 6.0)	(100.0, 5.0)
WW5-5.1	(0.0, 41.0)	(1.0, 36.5)	(2.0, 57.0)	(3.0, 91.5)	(4.0, 145.5)	(5.0, 219.0)	(6.0, 289.5)	(7.0, 455.5)	(8.0, 1085.0)	(9.0, 2190.0)	(10.0, 2782.5)	(11.0, 3546.0)	(12.0, 5275.5)	(13.0, 7900.0)	(14.0, 12527.5)	(15.0, 20198.5)	(16.0, 34700.0)	(17.0, 54874.5)	(18.0, 76190.5)	(19.0, 102480.0)	(20.0, 142426.0)	(21.0, 198406.0)	(22.0, 275066.0)	(23.0, 382891.5)	(24.0, 524368.0)	(25.0, 697735.5)	(26.0, 902156.0)	(27.0, 1138259.0)	(28.0, 1407131.5)	(29.0, 1702179.0)	(30.0, 2013573.5)	(31.0, 2323872.0)	(32.0, 2619898.0)	(33.0, 2897956.0)	(34.0, 3137821.0)	(35.0, 3310200.5)	(36.0, 3409513.0)	(37.0, 3452041.0)	(38.0, 3434610.5)	(39.0, 3358093.5)	(40.0, 3239412.5)	(41.0, 3055477.0)	(42.0, 2815925.5)	(43.0, 2548758.5)	(44.0, 2260892.0)	(45.0, 1971769.0)	(46.0, 1687143.0)	(47.0, 1419321.5)	(48.0, 1172713.5)	(49.0, 950145.5)	(50.0, 764893.5)	(51.0, 610981.0)	(52.0, 482463.5)	(53.0, 379720.0)	(54.0, 291576.0)	(55.0, 218655.5)	(56.0, 163558.0)	(57.0, 119545.5)	(58.0, 87273.0)	(59.0, 65325.5)	(60.0, 49009.5)	(61.0, 38242.5)	(62.0, 30267.5)	(63.0, 24083.0)	(64.0, 19917.0)	(65.0, 16811.0)	(66.0, 14636.5)	(67.0, 12981.0)	(68.0, 11592.0)	(69.0, 10678.0)	(70.0, 9927.5)	(71.0, 8976.0)	(72.0, 7962.5)	(73.0, 6985.0)	(74.0, 6021.0)	(75.0, 5013.0)	(76.0, 4121.5)	(77.0, 3255.0)	(78.0, 2507.0)	(79.0, 1864.5)	(80.0, 1363.5)	(81.0, 974.0)	(82.0, 609.5)	(83.0, 389.0)	(84.0, 252.5)	(85.0, 150.5)	(86.0, 78.0)	(87.0, 42.0)	(88.0, 28.5)	(89.0, 18.5)	(90.0, 7.5)	(91.0, 3.0)	(92.0, 2.0)	(93.0, 1.5)	(94.0, 1.0)	(95.0, 0.0)	(96.0, 0.5)	(97.0, 1.0)	(98.0, 0.5)	(99.0, 0.0)	(100.0, 0.0)
WW5-5.2	(0.0, 349.0)	(1.0, 308.0)	(2.0, 251.0)	(3.0, 280.5)	(4.0, 351.0)	(5.0, 408.5)	(6.0, 520.0)	(7.0, 741.5)	(8.0, 1401.5)	(9.0, 2545.0)	(10.0, 3096.0)	(11.0, 3832.5)	(12.0, 5592.5)	(13.0, 8138.0)	(14.0, 12916.0)	(15.0, 20769.5)	(16.0, 35354.0)	(17.0, 55396.5)	(18.0, 76386.0)	(19.0, 102241.0)	(20.0, 141761.5)	(21.0, 198277.5)	(22.0, 275622.0)	(23.0, 382346.0)	(24.0, 524082.0)	(25.0, 698095.5)	(26.0, 900454.5)	(27.0, 1135605.0)	(28.0, 1405414.5)	(29.0, 1700817.5)	(30.0, 2010360.5)	(31.0, 2319843.0)	(32.0, 2617037.0)	(33.0, 2896510.0)	(34.0, 3135806.5)	(35.0, 3306143.5)	(36.0, 3407653.0)	(37.0, 3447206.5)	(38.0, 3428021.5)	(39.0, 3356283.5)	(40.0, 3238737.5)	(41.0, 3059719.5)	(42.0, 2823045.0)	(43.0, 2552301.5)	(44.0, 2264383.0)	(45.0, 1976145.5)	(46.0, 1689030.0)	(47.0, 1419893.0)	(48.0, 1173194.0)	(49.0, 952042.0)	(50.0, 766973.5)	(51.0, 611828.5)	(52.0, 484168.5)	(53.0, 381379.5)	(54.0, 292734.5)	(55.0, 219387.0)	(56.0, 163516.5)	(57.0, 119175.5)	(58.0, 86923.0)	(59.0, 65238.5)	(60.0, 49168.0)	(61.0, 37893.5)	(62.0, 29940.5)	(63.0, 24088.0)	(64.0, 19835.0)	(65.0, 16889.0)	(66.0, 14720.5)	(67.0, 13076.5)	(68.0, 11860.5)	(69.0, 10793.5)	(70.0, 9820.0)	(71.0, 8929.5)	(72.0, 8028.0)	(73.0, 6938.5)	(74.0, 5917.5)	(75.0, 5062.0)	(76.0, 4193.0)	(77.0, 3284.5)	(78.0, 2470.5)	(79.0, 1852.5)	(80.0, 1334.0)	(81.0, 935.5)	(82.0, 649.5)	(83.0, 407.5)	(84.0, 253.5)	(85.0, 149.0)	(86.0, 71.5)	(87.0, 44.5)	(88.0, 30.0)	(89.0, 15.0)	(90.0, 11.0)	(91.0, 11.0)	(92.0, 10.0)	(93.0, 10.5)	(94.0, 13.5)	(95.0, 13.5)	(96.0, 17.0)	(97.0, 22.5)	(98.0, 17.0)	(99.0, 10.5)	(100.0, 12.5)
WW5-6.1	(0.0, 8.0)	(1.0, 6.0)	(2.0, 8.5)	(3.0, 15.0)	(4.0, 19.5)	(5.0, 31.0)	(6.0, 55.0)	(7.0, 129.5)	(8.0, 231.5)	(9.0, 406.5)	(10.0, 642.0)	(11.0, 961.0)	(12.0, 1588.0)	(13.0, 2772.5)	(14.0, 4801.5)	(15.0, 8232.5)	(16.0, 15387.5)	(17.0, 25703.5)	(18.0, 35886.5)	(19.0, 47496.0)	(20.0, 65788.5)	(21.0, 92813.0)	(22.0, 130566.5)	(23.0, 182736.0)	(24.0, 250920.0)	(25.0, 334960.0)	(26.0, 434051.5)	(27.0, 548891.0)	(28.0, 681320.0)	(29.0, 827189.5)	(30.0, 980218.0)	(31.0, 1131389.0)	(32.0, 1275550.5)	(33.0, 1412393.5)	(34.0, 1529074.5)	(35.0, 1612391.5)	(36.0, 1661868.5)	(37.0, 1683319.0)	(38.0, 1675305.0)	(39.0, 1637529.5)	(40.0, 1581173.0)	(41.0, 1495077.0)	(42.0, 1376824.0)	(43.0, 1243582.0)	(44.0, 1102783.0)	(45.0, 961802.5)	(46.0, 820694.5)	(47.0, 688950.0)	(48.0, 568048.5)	(49.0, 457071.0)	(50.0, 365293.5)	(51.0, 291007.5)	(52.0, 230333.0)	(53.0, 181798.5)	(54.0, 140373.5)	(55.0, 104422.5)	(56.0, 76414.5)	(57.0, 54298.0)	(58.0, 38511.5)	(59.0, 28067.0)	(60.0, 20157.0)	(61.0, 14835.5)	(62.0, 10806.0)	(63.0, 7483.5)	(64.0, 5254.0)	(65.0, 3668.0)	(66.0, 2554.5)	(67.0, 1820.5)	(68.0, 1277.5)	(69.0, 952.5)	(70.0, 747.5)	(71.0, 542.0)	(72.0, 413.5)	(73.0, 353.0)	(74.0, 263.5)	(75.0, 208.0)	(76.0, 167.5)	(77.0, 122.5)	(78.0, 81.0)	(79.0, 53.5)	(80.0, 48.0)	(81.0, 35.0)	(82.0, 17.0)	(83.0, 12.0)	(84.0, 11.0)	(85.0, 7.5)	(86.0, 3.5)	(87.0, 3.5)	(88.0, 2.0)	(89.0, 2.5)	(90.0, 2.5)	(91.0, 1.5)	(92.0, 0.5)	(93.0, 0.0)	(94.0, 0.0)	(95.0, 0.0)	(96.0, 0.0)	(97.0, 0.0)	(98.0, 0.0)	(99.0, 0.0)	(100.0, 0.0)
WW5-6.2	(0.0, 209.0)	(1.0, 178.0)	(2.0, 139.5)	(3.0, 137.5)	(4.0, 146.0)	(5.0, 162.0)	(6.0, 211.0)	(7.0, 312.0)	(8.0, 440.0)	(9.0, 646.0)	(10.0, 884.0)	(11.0, 1151.0)	(12.0, 1820.5)	(13.0, 3045.5)	(14.0, 5116.0)	(15.0, 8495.5)	(16.0, 15681.0)	(17.0, 26074.0)	(18.0, 35916.0)	(19.0, 47683.5)	(20.0, 66331.5)	(21.0, 93487.0)	(22.0, 131334.5)	(23.0, 183012.5)	(24.0, 251142.5)	(25.0, 334344.5)	(26.0, 433308.0)	(27.0, 548075.5)	(28.0, 679887.5)	(29.0, 826409.5)	(30.0, 978333.5)	(31.0, 1129645.5)	(32.0, 1273276.5)	(33.0, 1410090.0)	(34.0, 1528358.5)	(35.0, 1611933.5)	(36.0, 1662729.5)	(37.0, 1684666.5)	(38.0, 1675110.5)	(39.0, 1636993.0)	(40.0, 1579961.5)	(41.0, 1493445.5)	(42.0, 1377526.0)	(43.0, 1245486.0)	(44.0, 1104141.0)	(45.0, 962615.0)	(46.0, 822400.0)	(47.0, 688850.0)	(48.0, 567135.0)	(49.0, 458268.0)	(50.0, 366168.5)	(51.0, 290933.0)	(52.0, 230817.5)	(53.0, 182189.0)	(54.0, 139816.0)	(55.0, 104403.0)	(56.0, 76749.0)	(57.0, 54698.0)	(58.0, 38839.5)	(59.0, 27961.0)	(60.0, 19904.0)	(61.0, 14554.0)	(62.0, 10658.0)	(63.0, 7569.5)	(64.0, 5349.0)	(65.0, 3716.5)	(66.0, 2609.5)	(67.0, 1865.0)	(68.0, 1272.5)	(69.0, 961.0)	(70.0, 738.5)	(71.0, 530.5)	(72.0, 412.5)	(73.0, 339.0)	(74.0, 279.0)	(75.0, 211.5)	(76.0, 171.5)	(77.0, 132.0)	(78.0, 88.0)	(79.0, 71.5)	(80.0, 53.5)	(81.0, 32.5)	(82.0, 21.5)	(83.0, 16.0)	(84.0, 12.5)	(85.0, 8.0)	(86.0, 5.5)	(87.0, 5.0)	(88.0, 4.0)	(89.0, 4.0)	(90.0, 5.5)	(91.0, 7.0)	(92.0, 6.5)	(93.0, 4.5)	(94.0, 2.5)	(95.0, 5.0)	(96.0, 10.0)	(97.0, 9.0)	(98.0, 7.5)	(99.0, 7.0)	(100.0, 9.5)
