Sample	0	1	2	3	4	5	6	7	8	9	10	11	12	13	14	15	16	17	18	19	20	21	22	23	24	25	26	27	28	29	30	31	32	33	34	35	36	37	38	39	40	41	42	43	44	45	46	47	48	49	50	51	52	53	54	55	56	57	58	59	60	61	62	63	64	65	66	67	68	69	70	71	72	73	74	75	76	77	78	79	80	81	82	83	84	85	86	87	88	89	90	91	92	93	94	95	96	97	98	99	100	101	102	103	104	105	106	107	108	109	110	111	112	113	114	115	116	117	118	119	120	121	122	123	124	125	126	127	128	129	130	131	132	133	134	135	136	137	138
BH3-2.2 - polya	(1, 0.001001743810067548)	(2, 0.0014718103815343246)	(3, 0.002001205743574578)	(4, 0.002847781947526879)	(5, 0.003799324473263024)	(6, 0.004791940777088499)	(7, 0.005716100784098423)	(8, 0.0064850931849931015)	(9, 0.007313414376461257)	(10, 0.008191936852260814)	(11, 0.009129788118633849)	(12, 0.00999233745850978)	(13, 0.010982671885774736)	(14, 0.011760791792911488)	(15, 0.012641596145271564)	(16, 0.013520118621071123)	(17, 0.014510453048336078)	(18, 0.015318237350759567)	(19, 0.016141994789106686)	(20, 0.01707984605547972)	(21, 0.01799716043280809)	(22, 0.0188574278961235)	(23, 0.019731386618802024)	(24, 0.020482124007212554)	(25, 0.021251116408107232)	(26, 0.022097692612059534)	(27, 0.02273661804900467)	(28, 0.023617422401364746)	(29, 0.024354468530412166)	(30, 0.02507554152353596)	(31, 0.025823997035385973)	(32, 0.026636345090930498)	(33, 0.027387082479341032)	(34, 0.028012316656923053)	(35, 0.028712852761002182)	(36, 0.029360905704189387)	(37, 0.03011164309259992)	(38, 0.030860098604449934)	(39, 0.03158573535069476)	(40, 0.03221325140483731)	(41, 0.03288184123706918)	(42, 0.03362801487235867)	(43, 0.034390161643571796)	(44, 0.03503593271019848)	(45, 0.03573646881427761)	(46, 0.03643472304179622)	(47, 0.037144386652117424)	(48, 0.03786774152180173)	(49, 0.03858425076180449)	(50, 0.03938290755798591)	(51, 0.040058343019899335)	(52, 0.04081592603799142)	(53, 0.04152558964831262)	(54, 0.04230370955544937)	(55, 0.04292209810334984)	(56, 0.043659144232397265)	(57, 0.044391626608323645)	(58, 0.04506706207023707)	(59, 0.04570370563062169)	(60, 0.04646357052527429)	(61, 0.04716867038247446)	(62, 0.0479079983880824)	(63, 0.04868383641865863)	(64, 0.049329607485285316)	(65, 0.05000960670031978)	(66, 0.05065765964350699)	(67, 0.05139014201943337)	(68, 0.05204504059230213)	(69, 0.05292812682122273)	(70, 0.05356248850504683)	(71, 0.0542561789794444)	(72, 0.054956715083523525)	(73, 0.055607049903271255)	(74, 0.05628704911830572)	(75, 0.05703094087703469)	(76, 0.0577040944623876)	(77, 0.05836812054149843)	(78, 0.05900476410188305)	(79, 0.05967791768723596)	(80, 0.06036248065539146)	(81, 0.06105845300634955)	(82, 0.061665432171447425)	(83, 0.06230207573183204)	(84, 0.06297522931718495)	(85, 0.06362100038381163)	(86, 0.06434435525349595)	(87, 0.06505401886381715)	(88, 0.0656952261773228)	(89, 0.06635697037987312)	(90, 0.06702099645898395)	(91, 0.06774663320522878)	(92, 0.06839696802497651)	(93, 0.06918193356179482)	(94, 0.06984139588778461)	(95, 0.07052824073250064)	(96, 0.07118313930536939)	(97, 0.07185401101416178)	(98, 0.07255911087136195)	(99, 0.07319575443174656)	(100, 0.07396018307952021)	(101, 0.07464930980079675)	(102, 0.07527454397837877)	(103, 0.07604125450271293)	(104, 0.07675776374271567)	(105, 0.07744004483431066)	(106, 0.07817709096335808)	(107, 0.07883198953622685)	(108, 0.0795850088011979)	(109, 0.08038822935050034)	(110, 0.08108876545457948)	(111, 0.08180983844770327)	(112, 0.08250809267522188)	(113, 0.08316070937153013)	(114, 0.08393426552554584)	(115, 0.08466218414835118)	(116, 0.08544714968516949)	(117, 0.08621842396262469)	(118, 0.08697600698071678)	(119, 0.08774956313473249)	(120, 0.08853681054811131)	(121, 0.08925331978811407)	(122, 0.09004513095461393)	(123, 0.0908255327383112)	(124, 0.09173600148595802)	(125, 0.09243653759003714)	(126, 0.09315761058316094)	(127, 0.0938878110825268)	(128, 0.09467505849590563)	(129, 0.09547371529208705)	(130, 0.09618794265552928)	(131, 0.09696378068610552)	(132, 0.097771564988529)	(133, 0.09859988617999717)	(134, 0.0993141135434394)	(135, 0.10011277033962082)	(136, 0.10090458150612068)	(137, 0.10168041953669692)	(138, 0.10248135820943885)	(139, 0.10324350498065196)
WW1-2.2 - polya	(1, 0.0013017896536098627)	(2, 0.0020832813557769394)	(3, 0.0027937283577470088)	(4, 0.003575220059914085)	(5, 0.0043817863621506935)	(6, 0.00526984511461328)	(7, 0.006082680066867272)	(8, 0.006968649269324064)	(9, 0.0078065588216475875)	(10, 0.0086486474739827)	(11, 0.009503273426352578)	(12, 0.010357899378722455)	(13, 0.011212525331092333)	(14, 0.01211521093359548)	(15, 0.012974015985976946)	(16, 0.013786850938230937)	(17, 0.0145369993903111)	(18, 0.01530177469243182)	(19, 0.016081176844593103)	(20, 0.01692535504693401)	(21, 0.01779669739935024)	(22, 0.01851550260134349)	(23, 0.019292815203498976)	(24, 0.020028336805538578)	(25, 0.02076803750758977)	(26, 0.021480574059565632)	(27, 0.02222445386162841)	(28, 0.02290146806350577)	(29, 0.023576392715377335)	(30, 0.024213705467144606)	(31, 0.02497012256924215)	(32, 0.025670121821183247)	(33, 0.026393106123188084)	(34, 0.027116090425192918)	(35, 0.02774086587692542)	(36, 0.028419969628808574)	(37, 0.02914295393081341)	(38, 0.029888923282881983)	(39, 0.030542952434695608)	(40, 0.03122205618657876)	(41, 0.03192414498852565)	(42, 0.03262205469046096)	(43, 0.03335966584250635)	(44, 0.034091008344534365)	(45, 0.03478473894645808)	(46, 0.03550145459844553)	(47, 0.03614921510024177)	(48, 0.03681996065210175)	(49, 0.037547124054118176)	(50, 0.03822204870598974)	(51, 0.038896973357861304)	(52, 0.03961786810986035)	(53, 0.04028652411171453)	(54, 0.040984433813649836)	(55, 0.041665627115538784)	(56, 0.04243458151767109)	(57, 0.04311995391957163)	(58, 0.04387637102166918)	(59, 0.04448234052334953)	(60, 0.045190697975313804)	(61, 0.045886518127243314)	(62, 0.046601144229224976)	(63, 0.047198755530882146)	(64, 0.04786741153273633)	(65, 0.04858621673472958)	(66, 0.04930920103673441)	(67, 0.05000920028867551)	(68, 0.050711289090622405)	(69, 0.05146143754270257)	(70, 0.052132183094562544)	(71, 0.05283845099652103)	(72, 0.05352173384841577)	(73, 0.0541360615501193)	(74, 0.05487576225217049)	(75, 0.055544418254024674)	(76, 0.05620262650584988)	(77, 0.05693814810788948)	(78, 0.05761098320975526)	(79, 0.05821695271143561)	(80, 0.05892322061339409)	(81, 0.05957098111519033)	(82, 0.060245905767061896)	(83, 0.06092083041893346)	(84, 0.06160411327082821)	(85, 0.06224769467261286)	(86, 0.0628954551744091)	(87, 0.06349097692606048)	(88, 0.06415127472789149)	(89, 0.06478022927963557)	(90, 0.06544679573148396)	(91, 0.06613843678340188)	(92, 0.06681545098527925)	(93, 0.06761156953748688)	(94, 0.0683032105894048)	(95, 0.06903873219144441)	(96, 0.06967395539320588)	(97, 0.07037604419515277)	(98, 0.07105305839703013)	(99, 0.07177813224904075)	(100, 0.07246977330095868)	(101, 0.07315514570285922)	(102, 0.07380917485467284)	(103, 0.07448827860655599)	(104, 0.07518827785849709)	(105, 0.07605335156089595)	(106, 0.0767303657627733)	(107, 0.07746170826480132)	(108, 0.07814081201668448)	(109, 0.07892439326885735)	(110, 0.07964528802085638)	(111, 0.08043095882303505)	(112, 0.08114349537501091)	(113, 0.08185185282697519)	(114, 0.08262707587912488)	(115, 0.08344617948139625)	(116, 0.08422976073356912)	(117, 0.08499453603568985)	(118, 0.08577393818785113)	(119, 0.0864843851898212)	(120, 0.08727841419202305)	(121, 0.08799512984401049)	(122, 0.08873483054606168)	(123, 0.0894619939480781)	(124, 0.09033542585050014)	(125, 0.09114199215273674)	(126, 0.09195482710499074)	(127, 0.09273840835716361)	(128, 0.0935178105093249)	(129, 0.09427631716142823)	(130, 0.09508079391365905)	(131, 0.09591661391597676)	(132, 0.09670646381816703)	(133, 0.09748377642032251)	(134, 0.09820467117232155)	(135, 0.09899870017452339)	(136, 0.09979899782674262)	(137, 0.10056795222887494)	(138, 0.10133063798098986)	(139, 0.10218735348336554)
WW1-4.2 - polya	(1, 0.0010435850418445542)	(2, 0.0017466783539347413)	(3, 0.0024807254596389615)	(4, 0.003261203255764232)	(5, 0.0041234875064408765)	(6, 0.005067578211668895)	(7, 0.005936495418119975)	(8, 0.006767825875182586)	(9, 0.007563780568114873)	(10, 0.008481339450245148)	(11, 0.009445329022796474)	(12, 0.01035846593441046)	(13, 0.011302556639638478)	(14, 0.012098511332570765)	(15, 0.012898887996019343)	(16, 0.013714741556274937)	(17, 0.014537228072304967)	(18, 0.015286752074816204)	(19, 0.016067229870941474)	(20, 0.016867606534390053)	(21, 0.01780727526910178)	(22, 0.018598807991517776)	(23, 0.01941023958125708)	(24, 0.02013986471644501)	(25, 0.020882755763181812)	(26, 0.02161901385414418)	(27, 0.0223287401220088)	(28, 0.023082686095036328)	(29, 0.023748192657738046)	(30, 0.024380534441567583)	(31, 0.02510131563572293)	(32, 0.025797775992038686)	(33, 0.026591519699712827)	(34, 0.027292402026544867)	(35, 0.02799328435337691)	(36, 0.028749441311662582)	(37, 0.029445901667978332)	(38, 0.03020869158203844)	(39, 0.030964848540324115)	(40, 0.03172321648386793)	(41, 0.03240198895811852)	(42, 0.03307191749133653)	(43, 0.03374626799507083)	(44, 0.03451569086490537)	(45, 0.03530059063154693)	(46, 0.03603242675199301)	(47, 0.03676205188718094)	(48, 0.03741429253833379)	(49, 0.038181504422910184)	(50, 0.03890228561706553)	(51, 0.03952799444512064)	(52, 0.04018244608153163)	(53, 0.040850163629491495)	(54, 0.041551045956323536)	(55, 0.04224087335686485)	(56, 0.042871004155436244)	(57, 0.04360726224639861)	(58, 0.04429930063219807)	(59, 0.04502450379686971)	(60, 0.04573423006473433)	(61, 0.046463855199922265)	(62, 0.04711167388055882)	(63, 0.04778381339903497)	(64, 0.04850238360793217)	(65, 0.049260751551475995)	(66, 0.049948367966759166)	(67, 0.05061829649997717)	(68, 0.05125063828380671)	(69, 0.05203111607993198)	(70, 0.052652402937470796)	(71, 0.05326263486871888)	(72, 0.053978994092357936)	(73, 0.054679876419189984)	(74, 0.05533875002611726)	(75, 0.05603521038243302)	(76, 0.05670734990090917)	(77, 0.057386122375159755)	(78, 0.05810027061354067)	(79, 0.0587370343678865)	(80, 0.05932957841706943)	(81, 0.05993759936305937)	(82, 0.06053235439750044)	(83, 0.06120891588649288)	(84, 0.06192085313961565)	(85, 0.06262615743696398)	(86, 0.06325849922079352)	(87, 0.06388420804884862)	(88, 0.0645917233314551)	(89, 0.06520416624796134)	(90, 0.06588957167798636)	(91, 0.06657276612275324)	(92, 0.06730239125794117)	(93, 0.0680320163931291)	(94, 0.06866435817695864)	(95, 0.06933649769543479)	(96, 0.07002411411071796)	(97, 0.07073605136384073)	(98, 0.07136176019189583)	(99, 0.07213118306173037)	(100, 0.0728453313001113)	(101, 0.07353073673013631)	(102, 0.07422719708645206)	(103, 0.07497893207422145)	(104, 0.07582352844283292)	(105, 0.07657305244534417)	(106, 0.0773712181235346)	(107, 0.07817822774275761)	(108, 0.07890343090742925)	(109, 0.07965516589519864)	(110, 0.08043343270606576)	(111, 0.08115421390022111)	(112, 0.08191700381428121)	(113, 0.08263778500843656)	(114, 0.08337404309939893)	(115, 0.08417663074810565)	(116, 0.08498806233784496)	(117, 0.08572653141406547)	(118, 0.08649816526915816)	(119, 0.08737813740189997)	(120, 0.08814756027173451)	(121, 0.08889266230372946)	(122, 0.08972178177553393)	(123, 0.09046909479278702)	(124, 0.09127610441201003)	(125, 0.09203447235555384)	(126, 0.0929166554735538)	(127, 0.09379220563577931)	(128, 0.09457268343190459)	(129, 0.09541506881525792)	(130, 0.09627735306593456)	(131, 0.09713963731661121)	(132, 0.09800192156728785)	(133, 0.09877576640763869)	(134, 0.09961372982047574)	(135, 0.10041631746918246)	(136, 0.10121669413263104)	(137, 0.1020214927665959)	(138, 0.10282850238581892)	(139, 0.1036730987544304)
WW2-5.2 - polya	(1, 0.0010236602474454296)	(2, 0.0016611853917287327)	(3, 0.002270554851406464)	(4, 0.0030689696220073197)	(5, 0.00391766240083241)	(6, 0.004820655428539676)	(7, 0.005596947875521868)	(8, 0.0063390512769115805)	(9, 0.007143499408499345)	(10, 0.008066603639496303)	(11, 0.008889151854044793)	(12, 0.009695611105961526)	(13, 0.010622737577616424)	(14, 0.011322607452097778)	(15, 0.01206873309414543)	(16, 0.012901336910338766)	(17, 0.013709807282584469)	(18, 0.01459268910700204)	(19, 0.015401159479247742)	(20, 0.0162981191459681)	(21, 0.017094522796239985)	(22, 0.017856737400919392)	(23, 0.018731574744021085)	(24, 0.019501833830016368)	(25, 0.020286170758314438)	(26, 0.02093174038391362)	(27, 0.021625576897408065)	(28, 0.022351591336166023)	(29, 0.023129894903477183)	(30, 0.02386395382355102)	(31, 0.024559801457374436)	(32, 0.02525967133185579)	(33, 0.025991719131600654)	(34, 0.026757955976938)	(35, 0.027467881453064204)	(36, 0.028171773568203495)	(37, 0.028865610081697943)	(38, 0.029577546678153113)	(39, 0.030281438793292408)	(40, 0.031069797962248416)	(41, 0.03176363447574286)	(42, 0.0325499825243699)	(43, 0.03330214152740446)	(44, 0.03400000028155684)	(45, 0.03475014816426244)	(46, 0.035379628827229864)	(47, 0.03606542085940843)	(48, 0.03672305720698143)	(49, 0.03734851562929092)	(50, 0.038032296541140515)	(51, 0.03869596624970042)	(52, 0.03945214749339292)	(53, 0.04013391728491355)	(54, 0.040845853881368716)	(55, 0.04162214632835091)	(56, 0.042289838277568756)	(57, 0.04301183047566877)	(58, 0.0436936002671894)	(59, 0.04434721437410446)	(60, 0.04508931777549417)	(61, 0.04576304308569892)	(62, 0.046444812877219556)	(63, 0.04714669387202988)	(64, 0.047892819514077534)	(65, 0.048620845073164456)	(66, 0.04941121536244943)	(67, 0.05010706299627285)	(68, 0.05086123311963638)	(69, 0.05159931428036815)	(70, 0.05234141768175787)	(71, 0.05306542100018685)	(72, 0.05376730199499718)	(73, 0.05438270481566182)	(74, 0.055179108465933706)	(75, 0.05590512290469166)	(76, 0.05676789352581954)	(77, 0.05747781900194574)	(78, 0.05824606696761205)	(79, 0.05888962547288226)	(80, 0.05960357318966641)	(81, 0.06028936522184498)	(82, 0.060995268457313234)	(83, 0.06169916057245253)	(84, 0.06238294148430213)	(85, 0.0630164443879275)	(86, 0.06372435874372473)	(87, 0.06442020637754814)	(88, 0.06509795392841083)	(89, 0.06579179044190528)	(90, 0.06651579376033427)	(91, 0.06721164139415768)	(92, 0.06792156687028389)	(93, 0.06866568139200256)	(94, 0.06936555126648392)	(95, 0.07009156570524187)	(96, 0.07078942445939426)	(97, 0.07143499408499344)	(98, 0.07206648586828984)	(99, 0.07278646694606089)	(100, 0.07352454810679267)	(101, 0.07423648470324783)	(102, 0.07495847690134785)	(103, 0.07577901399556737)	(104, 0.0764869283513646)	(105, 0.07713853133795069)	(106, 0.07789069034098525)	(107, 0.07859257133579557)	(108, 0.07933668585751426)	(109, 0.08003253349133767)	(110, 0.08072435888450315)	(111, 0.0814966290908274)	(112, 0.08231716618504692)	(113, 0.08303111390183106)	(114, 0.08390997348559069)	(115, 0.08462995456336174)	(116, 0.08535395788179073)	(117, 0.08619460617929994)	(118, 0.0869930209499008)	(119, 0.08782361364576517)	(120, 0.08859387273176045)	(121, 0.08934402061446604)	(122, 0.09014846874605381)	(123, 0.09085437198152206)	(124, 0.09158641978126693)	(125, 0.09231042309969592)	(126, 0.0930022484928614)	(127, 0.09382479670740988)	(128, 0.09467751172689291)	(129, 0.09547592649749377)	(130, 0.09629244135105536)	(131, 0.09698225562389186)	(132, 0.09773843686758436)	(133, 0.09849260699094789)	(134, 0.09928297728023286)	(135, 0.10000094723767494)	(136, 0.1007068504731432)	(137, 0.10137454242236105)	(138, 0.10223731304348893)	(139, 0.10298343868553658)
WW2-6.2 - polya	(1, 0.0011432236820399957)	(2, 0.001729208741499568)	(3, 0.002372686674717438)	(4, 0.003064812424192329)	(5, 0.0038232761049267943)	(6, 0.004732105763182961)	(7, 0.005616611513310618)	(8, 0.006352962550291891)	(9, 0.007186609219787208)	(10, 0.007914115199267205)	(11, 0.008707959110006776)	(12, 0.00944652141136337)	(13, 0.010377463713372727)	(14, 0.011129293600981235)	(15, 0.011839109465458679)	(16, 0.012681601192455273)	(17, 0.01345996625256761)	(18, 0.014240542577055267)	(19, 0.015111780740931008)	(20, 0.01598080764043143)	(21, 0.016891848563062917)	(22, 0.017590608105663763)	(23, 0.018360128108274826)	(24, 0.01914733822588844)	(25, 0.019896956849121628)	(26, 0.020642152943604178)	(27, 0.0213608138655829)	(28, 0.022114855017566725)	(29, 0.022818037088918212)	(30, 0.023578712034027997)	(31, 0.024352654565389698)	(32, 0.025029301464237354)	(33, 0.025741328593090116)	(34, 0.026499792273824582)	(35, 0.02719412928767479)	(36, 0.027943747910907982)	(37, 0.02861376101662968)	(38, 0.029447407686124995)	(39, 0.030095308148093504)	(40, 0.03088472953008244)	(41, 0.03157022148643137)	(42, 0.03232647390279052)	(43, 0.033206557124167535)	(44, 0.03387435896551392)	(45, 0.034590808623117315)	(46, 0.03530946954509604)	(47, 0.036036975524576034)	(48, 0.036726890009675606)	(49, 0.03739248058664667)	(50, 0.03808460633612156)	(51, 0.03876125323496922)	(52, 0.03945559024881943)	(53, 0.040154349791420275)	(54, 0.04093271485153262)	(55, 0.04152533370411814)	(56, 0.04219313554546453)	(57, 0.04284545853618367)	(58, 0.0435420068144092)	(59, 0.044251822678886645)	(60, 0.04498817371586792)	(61, 0.045702412109096)	(62, 0.0463613688929411)	(63, 0.04708666360804578)	(64, 0.04786945119690876)	(65, 0.04855936568200833)	(66, 0.04937753350087641)	(67, 0.05020675764162109)	(68, 0.05092320729922449)	(69, 0.05165071327870449)	(70, 0.052378219258184484)	(71, 0.05307697880078534)	(72, 0.053906202941530014)	(73, 0.05462928639225937)	(74, 0.05538553880861852)	(75, 0.05612188984559979)	(76, 0.056942268928843194)	(77, 0.057736112839582764)	(78, 0.058483520198440636)	(79, 0.059126998131658504)	(80, 0.05983018020300999)	(81, 0.06048029192935382)	(82, 0.06122327675946105)	(83, 0.06189992365830871)	(84, 0.06259426067215891)	(85, 0.06327975262850785)	(86, 0.06403600504486699)	(87, 0.06474803217371976)	(88, 0.0654467917163206)	(89, 0.06614333999454614)	(90, 0.06689516988215465)	(91, 0.0676049857466321)	(92, 0.06832143540423549)	(93, 0.06896491333745336)	(94, 0.06967251793755548)	(95, 0.07037570000890697)	(96, 0.07099927656274697)	(97, 0.07171793748472569)	(98, 0.07242554208482782)	(99, 0.0731287241561793)	(100, 0.07385180760690867)	(101, 0.07458594737951461)	(102, 0.07539969266963206)	(103, 0.07612719864911206)	(104, 0.07684143704234014)	(105, 0.07760653451620056)	(106, 0.07830971658755205)	(107, 0.07899078601515035)	(108, 0.07973819337400821)	(109, 0.08045685429598694)	(110, 0.08120205039046949)	(111, 0.08197157039308055)	(112, 0.08263052717692565)	(113, 0.0833182303976499)	(114, 0.08418946856152565)	(115, 0.08495898856413671)	(116, 0.08583022672801245)	(117, 0.0866329156962533)	(118, 0.08737147799760989)	(119, 0.08823165983960904)	(120, 0.08902771501472392)	(121, 0.08980829133921159)	(122, 0.0905269522611903)	(123, 0.09134512008005838)	(124, 0.09222741456581073)	(125, 0.09302789226967625)	(126, 0.09380625732978859)	(127, 0.09470181940179284)	(128, 0.09553325480691284)	(129, 0.09632267618890177)	(130, 0.09716737918027368)	(131, 0.09794574424038602)	(132, 0.09873958815112559)	(133, 0.09949805183186006)	(134, 0.10022113528258941)	(135, 0.10102603551520559)	(136, 0.10181766816156984)	(137, 0.1026004557504328)	(138, 0.10342746862680217)	(139, 0.10422352380191706)
WW5-1.2 - polya	(1, 0.0011149265645623199)	(2, 0.0020195722839419623)	(3, 0.002821268006200919)	(4, 0.0037478179802870907)	(5, 0.004602083913841717)	(6, 0.0054278743162778555)	(7, 0.006240522165890077)	(8, 0.007040027462678381)	(9, 0.007817628504760156)	(10, 0.008689417842080006)	(11, 0.009510827393574839)	(12, 0.010351950774305547)	(13, 0.011256596493685189)	(14, 0.012145909234770262)	(15, 0.012899415596674855)	(16, 0.013773395359465358)	(17, 0.014647375122255859)	(18, 0.015453451695456122)	(19, 0.016231052737537898)	(20, 0.017109413351269705)	(21, 0.01802282077253196)	(22, 0.01879604096367243)	(23, 0.019606498387813996)	(24, 0.02036000474971859)	(25, 0.02111789196256449)	(26, 0.021919587684823445)	(27, 0.022640237664668248)	(28, 0.023349935517159782)	(29, 0.024120965282829598)	(30, 0.02478247377496677)	(31, 0.025514075882164835)	(32, 0.026188726927125924)	(33, 0.026944423714501172)	(34, 0.027638788588698136)	(35, 0.028352867292130976)	(36, 0.029154563014389935)	(37, 0.02993216405647171)	(38, 0.03069005126931761)	(39, 0.031393177845397184)	(40, 0.03215763633465504)	(41, 0.0328848575909118)	(42, 0.03368655331317076)	(43, 0.03459777030896236)	(44, 0.035346895819925644)	(45, 0.03610259260730089)	(46, 0.03681229045979243)	(47, 0.0375482734179318)	(48, 0.03825797127042334)	(49, 0.03893043188991377)	(50, 0.039743079739526)	(51, 0.04047687227219471)	(52, 0.041206283953922125)	(53, 0.04192474350829627)	(54, 0.04262348923343454)	(55, 0.04332880623498477)	(56, 0.04397498174882737)	(57, 0.04461458598625802)	(58, 0.04530895086045498)	(59, 0.0460055061601226)	(60, 0.046660443375847814)	(61, 0.047396426333987184)	(62, 0.04811488588836133)	(63, 0.04889467735591376)	(64, 0.04968542095081945)	(65, 0.05041702305801751)	(66, 0.0510500560190362)	(67, 0.05178165812623426)	(68, 0.05252421236078559)	(69, 0.05326895702080758)	(70, 0.053996178277064336)	(71, 0.054725589958791745)	(72, 0.05540462185469414)	(73, 0.056092415452479144)	(74, 0.05680649415591199)	(75, 0.05751181115746222)	(76, 0.05828065049766138)	(77, 0.05900349090297683)	(78, 0.0596934749262325)	(79, 0.06039660150231207)	(80, 0.06120705892645364)	(81, 0.061892662098767995)	(82, 0.06267026314084977)	(83, 0.06337777056787065)	(84, 0.06412032480242198)	(85, 0.06491983009921029)	(86, 0.06564267050452574)	(87, 0.06631732154948683)	(88, 0.06704235238027294)	(89, 0.06778271618935361)	(90, 0.0686150778682017)	(91, 0.06924153955280843)	(92, 0.06990523847041626)	(93, 0.07068283951249803)	(94, 0.07143853629987328)	(95, 0.07207814053730392)	(96, 0.07282069477185525)	(97, 0.0735391543262294)	(98, 0.07425761388060355)	(99, 0.0749519787548005)	(100, 0.07569891384029315)	(101, 0.07650279998802276)	(102, 0.07717526060751319)	(103, 0.07790686271471126)	(104, 0.0785464669521419)	(105, 0.07925616480463343)	(106, 0.08000529031559672)	(107, 0.08073908284826543)	(108, 0.08145316155169828)	(109, 0.08219571578624961)	(110, 0.08292731789344768)	(111, 0.08366330085158705)	(112, 0.0844233784899036)	(113, 0.08516812314992557)	(114, 0.08596105717030192)	(115, 0.08672989651050109)	(116, 0.0875666390402905)	(117, 0.08836176348613749)	(118, 0.08917879218669102)	(119, 0.08992134642124235)	(120, 0.09066390065579367)	(121, 0.09155759424782005)	(122, 0.09234833784272574)	(123, 0.0931500335649847)	(124, 0.09389477822500668)	(125, 0.09465485586332323)	(126, 0.09543026647993436)	(127, 0.0962604377333118)	(128, 0.09704899090274684)	(129, 0.0978222110938873)	(130, 0.09871590468591368)	(131, 0.0994869344515835)	(132, 0.10019225145313373)	(133, 0.10094137696409702)	(134, 0.10166859822035378)	(135, 0.1024483896879062)	(136, 0.10315589711492709)	(137, 0.10393568858247952)	(138, 0.10478119281415153)	(139, 0.10567269598070726)
WW5-3.2 - polya	(1, 0.0010485366793378077)	(2, 0.0017774994305109052)	(3, 0.0023790503541150656)	(4, 0.0032020054371013134)	(5, 0.003947677936152304)	(6, 0.004747657115806448)	(7, 0.0055831445097011155)	(8, 0.0063852124078399965)	(9, 0.00719772389840256)	(10, 0.00815017952744248)	(11, 0.009008642824669252)	(12, 0.009973630764617594)	(13, 0.010909376645779621)	(14, 0.011698912233010082)	(15, 0.01248427038327107)	(16, 0.01324874134868469)	(17, 0.01407587386864041)	(18, 0.014760973531634039)	(19, 0.015487847564322399)	(20, 0.016231431344888653)	(21, 0.017133757730294893)	(22, 0.017958801531765878)	(23, 0.01870238531233213)	(24, 0.01948147730713891)	(25, 0.020225061087705165)	(26, 0.020939402809485103)	(27, 0.02168925274550557)	(28, 0.02242239293364814)	(29, 0.023195218773000705)	(30, 0.023880318435994335)	(31, 0.024550797069594805)	(32, 0.025223364421680012)	(33, 0.02595859332830732)	(34, 0.026677112487056735)	(35, 0.02735803471308089)	(36, 0.02812668311546398)	(37, 0.028882799206938654)	(38, 0.029622205550535435)	(39, 0.030361611894132216)	(40, 0.031071776178942686)	(41, 0.031807005085569995)	(42, 0.032487927311594146)	(43, 0.033310882394580396)	(44, 0.03397300615424192)	(45, 0.03462468632147976)	(46, 0.03534111676174444)	(47, 0.0359656435886807)	(48, 0.03666536428106748)	(49, 0.03746325474223689)	(50, 0.03820683852280315)	(51, 0.03888149459337309)	(52, 0.039566594256366716)	(53, 0.04020991954966561)	(54, 0.04085533356144924)	(55, 0.04152790091353445)	(56, 0.04215242774047071)	(57, 0.04287303561770486)	(58, 0.043541425532820595)	(59, 0.044262033410054746)	(60, 0.04498473000577364)	(61, 0.04574293481573305)	(62, 0.046444744226604565)	(63, 0.0471757956962624)	(64, 0.04784418561137813)	(65, 0.04854181758528018)	(66, 0.04921020750039592)	(67, 0.049985122058233224)	(68, 0.050628447351532116)	(69, 0.05133443419937311)	(70, 0.052040421047214104)	(71, 0.05271716583626879)	(72, 0.05353385476380082)	(73, 0.05425237392255024)	(74, 0.05503146591735701)	(75, 0.055689412240049065)	(76, 0.05645806064243216)	(77, 0.057193289549059466)	(78, 0.05801833335053045)	(79, 0.05874311866473407)	(80, 0.05948252500833085)	(81, 0.060153003641931324)	(82, 0.06098013616188704)	(83, 0.06167776813578909)	(84, 0.06239419857605377)	(85, 0.06319417775570792)	(86, 0.0639502938471826)	(87, 0.06468761147229463)	(88, 0.06536226754286457)	(89, 0.06608287542009873)	(90, 0.06684943510399709)	(91, 0.0675679542627465)	(92, 0.06834495753906854)	(93, 0.06921386442871899)	(94, 0.07004935182261367)	(95, 0.07070520942682097)	(96, 0.07143626089647881)	(97, 0.07220073186189244)	(98, 0.07294849307942816)	(99, 0.0736628348012081)	(100, 0.0743750878045033)	(101, 0.07521057519839797)	(102, 0.07589149742442212)	(103, 0.07666850070074416)	(104, 0.07737866498555464)	(105, 0.07813686979551404)	(106, 0.07887000998365662)	(107, 0.07964701325997865)	(108, 0.08045743603205648)	(109, 0.08117804390929063)	(110, 0.08190074050500952)	(111, 0.08266521147042315)	(112, 0.0834317711543215)	(113, 0.08416282262397934)	(114, 0.08505679413544663)	(115, 0.08585677331510078)	(116, 0.08670479301990386)	(117, 0.08751939322895116)	(118, 0.08833190471951373)	(119, 0.08909010952947313)	(120, 0.08983787074700886)	(121, 0.09066291454847984)	(122, 0.09145662757267978)	(123, 0.09229211496657444)	(124, 0.09306285208744228)	(125, 0.093850298956188)	(126, 0.09467534275765899)	(127, 0.09545861218943524)	(128, 0.09618966365909307)	(129, 0.09701679617904879)	(130, 0.09781886407718768)	(131, 0.09856871401320813)	(132, 0.09939375781467912)	(133, 0.10017702724645537)	(134, 0.10092061102702163)	(135, 0.10168090455546577)	(136, 0.10240151243269992)	(137, 0.10321820136023196)	(138, 0.10405995490958084)	(139, 0.1048494904968113)
WW5-4.2 - polya	(1, 0.0010771440277271046)	(2, 0.0019629532610553157)	(3, 0.002692860069317761)	(4, 0.00340150745598033)	(5, 0.0042802302154419155)	(6, 0.005137693553303624)	(7, 0.005963267758765516)	(8, 0.006817187859693912)	(9, 0.007653391775955743)	(10, 0.00853565777235064)	(11, 0.009449812901145355)	(12, 0.010300189765140437)	(13, 0.011217888130868464)	(14, 0.012082437942596797)	(15, 0.012939901280458506)	(16, 0.013708783694987393)	(17, 0.014559160558982476)	(18, 0.01525009176097848)	(19, 0.015965825621507675)	(20, 0.016773683642303003)	(21, 0.017510676924432075)	(22, 0.018229954021894583)	(23, 0.01898820672562353)	(24, 0.01978543503561892)	(25, 0.020472823000681612)	(26, 0.021160210965744303)	(27, 0.021794450376807304)	(28, 0.022609394871469256)	(29, 0.02344559878773109)	(30, 0.024239283860793166)	(31, 0.025050685118521807)	(32, 0.025766418979051003)	(33, 0.026407744863980627)	(34, 0.027165997567709575)	(35, 0.0279455096930384)	(36, 0.028682502975167473)	(37, 0.029338001807830347)	(38, 0.030110427459292547)	(39, 0.03078364247662199)	(40, 0.03158087078661738)	(41, 0.03230014788407989)	(42, 0.033044227640075585)	(43, 0.0336820102880719)	(44, 0.03442254680713428)	(45, 0.03518434274779654)	(46, 0.03581503892192623)	(47, 0.03659455104725505)	(48, 0.03740240906805038)	(49, 0.038118142928579575)	(50, 0.03870986349644282)	(51, 0.03938307851377226)	(52, 0.0401377879805679)	(53, 0.04085352184109709)	(54, 0.04152673685842653)	(55, 0.042139716847889655)	(56, 0.04274206712655284)	(57, 0.04348260364561522)	(58, 0.04414164571521141)	(59, 0.04476525541547447)	(60, 0.0454349271958706)	(61, 0.04619317989959955)	(62, 0.04680970312599598)	(63, 0.04750772080185861)	(64, 0.04826951674252088)	(65, 0.0490206829723832)	(66, 0.04968681151584601)	(67, 0.050313964453042384)	(68, 0.05099072270730514)	(69, 0.05173480246330083)	(70, 0.05248951193009647)	(71, 0.053130837815026095)	(72, 0.05378279341075566)	(73, 0.05449144079741823)	(74, 0.055086704602214785)	(75, 0.05577409256727748)	(76, 0.056468567006206796)	(77, 0.057145325260469546)	(78, 0.05793546709659831)	(79, 0.05860868211392775)	(80, 0.0593385889221902)	(81, 0.0601110145736524)	(82, 0.060840921381914846)	(83, 0.06157082819017729)	(84, 0.062389315921772555)	(85, 0.06312985244083494)	(86, 0.06387393219683064)	(87, 0.06458612282042651)	(88, 0.06516721367748983)	(89, 0.06592192314428547)	(90, 0.06666600290028116)	(91, 0.06739945294547692)	(92, 0.06810101385827286)	(93, 0.06886635303586844)	(94, 0.06952539510546463)	(95, 0.07033325312625996)	(96, 0.07099583843278945)	(97, 0.07165133726545234)	(98, 0.07232809551971509)	(99, 0.07299068082624459)	(100, 0.07377373618850673)	(101, 0.07440797559956973)	(102, 0.0751166229862323)	(103, 0.0758359000836948)	(104, 0.07648076920555774)	(105, 0.0772177624876868)	(106, 0.07796892871754914)	(107, 0.07861379783941207)	(108, 0.0793401614107412)	(109, 0.08002046290193726)	(110, 0.0807751723687329)	(111, 0.08154051154632848)	(112, 0.08238734517339025)	(113, 0.08320583290498551)	(114, 0.08392865323938134)	(115, 0.08467981946924366)	(116, 0.08542035598830604)	(117, 0.08617506545510167)	(118, 0.08702544231909676)	(119, 0.08773763294269264)	(120, 0.08850651535722152)	(121, 0.08931083014108354)	(122, 0.09013286110961212)	(123, 0.09090528676107433)	(124, 0.0916458232801367)	(125, 0.09253163251346493)	(126, 0.0932438231370608)	(127, 0.09400916231465638)	(128, 0.09482410680931833)	(129, 0.09559298922384722)	(130, 0.0963618716383761)	(131, 0.09705280284037211)	(132, 0.09786066086116743)	(133, 0.09861182709102977)	(134, 0.09936299332089209)	(135, 0.10009644336608785)	(136, 0.10075548543568404)	(137, 0.10145350311154666)	(138, 0.10218695315674242)	(139, 0.10307276239007063)
WW5-5.2 - polya	(1, 0.0010635073408594203)	(2, 0.001941706584447881)	(3, 0.0026990527211204983)	(4, 0.0035321334714603775)	(5, 0.004437726085949762)	(6, 0.005383603069411096)	(7, 0.006215072444992097)	(8, 0.0069482479602815455)	(9, 0.007776494586344791)	(10, 0.008636968707585594)	(11, 0.009513556576415177)	(12, 0.010454599435599878)	(13, 0.011448817661827548)	(14, 0.012322182781139375)	(15, 0.013169765904309155)	(16, 0.01398189878278362)	(17, 0.014882657272996373)	(18, 0.01577858163893249)	(19, 0.016534316400846228)	(20, 0.01734483790456182)	(21, 0.018305217260853053)	(22, 0.01911090464029201)	(23, 0.019931094392560862)	(24, 0.02069649740302787)	(25, 0.021386165799827616)	(26, 0.022087113819939507)	(27, 0.02277839359149813)	(28, 0.023569578598107183)	(29, 0.02430275411339663)	(30, 0.025018204506338425)	(31, 0.02584322838288391)	(32, 0.026634413389492965)	(33, 0.027399816399959972)	(34, 0.028202281029881173)	(35, 0.02900796840932013)	(36, 0.029771760045028257)	(37, 0.030538774430254143)	(38, 0.031267115821266955)	(39, 0.032037352956010595)	(40, 0.03281081284027199)	(41, 0.03346986511665306)	(42, 0.03420787475621914)	(43, 0.0349474957705441)	(44, 0.03559526842361302)	(45, 0.03632844393890247)	(46, 0.03699233033956017)	(47, 0.037652993990700115)	(48, 0.038337828263223225)	(49, 0.03901299428719307)	(50, 0.03971716505682271)	(51, 0.04041650170217573)	(52, 0.04111422697276986)	(53, 0.041742663128732246)	(54, 0.04245972489643292)	(55, 0.04315583879226817)	(56, 0.04388740293279875)	(57, 0.044617355698570435)	(58, 0.04527318522543375)	(59, 0.045898398631878376)	(60, 0.04661062627530241)	(61, 0.04734380179059186)	(62, 0.04799640856793741)	(63, 0.04873925233178013)	(64, 0.04952238046459479)	(65, 0.050244276356572096)	(66, 0.05112892109919607)	(67, 0.05189593548442195)	(68, 0.05268228636675437)	(69, 0.05339773675969617)	(70, 0.054124466775950106)	(71, 0.05483024892033863)	(72, 0.05554086518900379)	(73, 0.05629015445188201)	(74, 0.05698787972247615)	(75, 0.057722666612524474)	(76, 0.05844939662877841)	(77, 0.05919868589165664)	(78, 0.05998987089826569)	(79, 0.06070854404072524)	(80, 0.061501340422093174)	(81, 0.062252241059730276)	(82, 0.06307404218675801)	(83, 0.06380399495252971)	(84, 0.06454683871637241)	(85, 0.06528645973069738)	(86, 0.06600029874888029)	(87, 0.0667076922680277)	(88, 0.06740219478910407)	(89, 0.06814503855294679)	(90, 0.0688959391905839)	(91, 0.06964200570394437)	(92, 0.07038323809302821)	(93, 0.07106001549175693)	(94, 0.07178996825752862)	(95, 0.07247963665432837)	(96, 0.07317413917540475)	(97, 0.07387186444599889)	(98, 0.07461631958460048)	(99, 0.07535755197368432)	(100, 0.07608911611421489)	(101, 0.07679973238288004)	(102, 0.07758769463997134)	(103, 0.07829508815911874)	(104, 0.07907015941813902)	(105, 0.07979688943439296)	(106, 0.08057840619244874)	(107, 0.08137120257381668)	(108, 0.0821785013280145)	(109, 0.08290684271902732)	(110, 0.08367063435473546)	(111, 0.08442959186616694)	(112, 0.08526589536602458)	(113, 0.08606997137070466)	(114, 0.08687082462586698)	(115, 0.08763139351205736)	(116, 0.08849831313233367)	(117, 0.08928305263990721)	(118, 0.09007584902127515)	(119, 0.09094599139106921)	(120, 0.09175490152002592)	(121, 0.09253802965284058)	(122, 0.09331632366137861)	(123, 0.09408656079612226)	(124, 0.0949728169135051)	(125, 0.09575916779583753)	(126, 0.09652940493058117)	(127, 0.09727547144394164)	(128, 0.09816495031084224)	(129, 0.09896580356600457)	(130, 0.09979405019206782)	(131, 0.10056428732681146)	(132, 0.10144732069467655)	(133, 0.10224817394983887)	(134, 0.10301841108458251)	(135, 0.10380798471643268)	(136, 0.10462656309394266)	(137, 0.10541130260151621)	(138, 0.10626855397323925)	(139, 0.10715964421489874)
WW5-6.2 - polya	(1, 0.001257043057615571)	(2, 0.0021283268700369455)	(3, 0.0028333351457366838)	(4, 0.003691316915220327)	(5, 0.004695621157019011)	(6, 0.005610136608988011)	(7, 0.006581185743442367)	(8, 0.007442493023660444)	(9, 0.008290498260940788)	(10, 0.009281500459801742)	(11, 0.010152784272223117)	(12, 0.011030719106113356)	(13, 0.011945234558082355)	(14, 0.012823169391972596)	(15, 0.013664523607784076)	(16, 0.014542458441674316)	(17, 0.015323953464266007)	(18, 0.016078844400982235)	(19, 0.016860339423573928)	(20, 0.01766843853204108)	(21, 0.018489839683445964)	(22, 0.019384402071008368)	(23, 0.020222430776085414)	(24, 0.020990623755739374)	(25, 0.021649074881157054)	(26, 0.022400640307138852)	(27, 0.023162182265323947)	(28, 0.023940351777181203)	(29, 0.02458217534892672)	(30, 0.025237300963609967)	(31, 0.025978889857388464)	(32, 0.026657294047212742)	(33, 0.027299117618958257)	(34, 0.02805733406640892)	(35, 0.028722436213295465)	(36, 0.029390863870916443)	(37, 0.030115825211022778)	(38, 0.03087404165847344)	(39, 0.03169544280987832)	(40, 0.03239712557484363)	(41, 0.033148691000825424)	(42, 0.0338570247872596)	(43, 0.03465514736352345)	(44, 0.03538010870362979)	(45, 0.03611837208667385)	(46, 0.03691982017367214)	(47, 0.037634804981575176)	(48, 0.03834313876800934)	(49, 0.039078076640318975)	(50, 0.03989947779172386)	(51, 0.040647717706971224)	(52, 0.04134940047193653)	(53, 0.04204443221543297)	(54, 0.04289243745271332)	(55, 0.04358414368547532)	(56, 0.04430245400411279)	(57, 0.04503406636568799)	(58, 0.04563930931935475)	(59, 0.04619799512273945)	(60, 0.046893026866235886)	(61, 0.04765789433515542)	(62, 0.048386181185996184)	(63, 0.04912777007977468)	(64, 0.04984275488767772)	(65, 0.05051783356676756)	(66, 0.05117628469218524)	(67, 0.05194780318257363)	(68, 0.05257632471138142)	(69, 0.0532148227723925)	(70, 0.05386994838707575)	(71, 0.05461818830232311)	(72, 0.055329847599491715)	(73, 0.056048157918129185)	(74, 0.05675649170456336)	(75, 0.057424919362184336)	(76, 0.058183135809634995)	(77, 0.058991234918102146)	(78, 0.059766078919224974)	(79, 0.06039792595876719)	(80, 0.061142840363280125)	(81, 0.061887754767793055)	(82, 0.06256615895761733)	(83, 0.0632645162118482)	(84, 0.06394957142314134)	(85, 0.06463462663443449)	(86, 0.06521991652369465)	(87, 0.06591162275645665)	(88, 0.06649358713498238)	(89, 0.0672784076683085)	(90, 0.06800336900841483)	(91, 0.06869507524117685)	(92, 0.06947989577450298)	(93, 0.07027801835076683)	(94, 0.0709763756049977)	(95, 0.07167140734849414)	(96, 0.07233650949538069)	(97, 0.07311135349650351)	(98, 0.07386624443321974)	(99, 0.07458455475185721)	(100, 0.07528623751682251)	(101, 0.07609101111455523)	(102, 0.0768292744975993)	(103, 0.07745114500493822)	(104, 0.07813620021623136)	(105, 0.0788312319597278)	(106, 0.07957947187497516)	(107, 0.08035099036536356)	(108, 0.08113248538795524)	(109, 0.08180091304557623)	(110, 0.08251257234274482)	(111, 0.08324751021505446)	(112, 0.08402235421617729)	(113, 0.08480384923876898)	(114, 0.08565517998678375)	(115, 0.08644665154157874)	(116, 0.08716496186021622)	(117, 0.08791985279693244)	(118, 0.0886980223087897)	(119, 0.08947286630991252)	(120, 0.09030091848278628)	(121, 0.091105692080519)	(122, 0.09185060648503193)	(123, 0.09266203110423352)	(124, 0.09344020061609076)	(125, 0.09428155483190225)	(126, 0.09512290904771373)	(127, 0.09588777651663326)	(128, 0.09666262051775608)	(129, 0.09754720637311519)	(130, 0.09839853712112996)	(131, 0.09922658929400371)	(132, 0.10007792004201849)	(133, 0.1009724824295809)	(134, 0.10176062847364145)	(135, 0.10248891532448222)	(136, 0.10317397053577536)	(137, 0.10398206964424252)	(138, 0.10487330652107049)	(139, 0.1057479158442263)
