Sample	0	1	2	3	4	5	6	7	8	9	10	11	12	13	14	15	16	17
BH3-2.1	(21.0, 1.0)	(22.0, 17.0)	(23.0, 232.0)	(24.0, 3149.0)	(25.0, 14126.0)	(26.0, 29983.0)	(27.0, 55700.0)	(28.0, 94495.0)	(29.0, 148750.0)	(30.0, 213531.0)	(31.0, 297428.0)	(32.0, 403702.0)	(33.0, 565025.0)	(34.0, 895354.0)	(35.0, 2206034.0)	(36.0, 32918786.0)	(37.0, 5977267.0)	
BH3-2.2	(21.0, 4.0)	(22.0, 42.0)	(23.0, 715.0)	(24.0, 9114.0)	(25.0, 31339.0)	(26.0, 50971.0)	(27.0, 71961.0)	(28.0, 99803.0)	(29.0, 140576.0)	(30.0, 194524.0)	(31.0, 274707.0)	(32.0, 396525.0)	(33.0, 617940.0)	(34.0, 1187389.0)	(35.0, 4227854.0)	(36.0, 33878281.0)	(37.0, 2641835.0)	
WW1-2.1	(21.0, 1.0)	(22.0, 11.0)	(23.0, 255.0)	(24.0, 3868.0)	(25.0, 17647.0)	(26.0, 36995.0)	(27.0, 66807.0)	(28.0, 111280.0)	(29.0, 169719.0)	(30.0, 239754.0)	(31.0, 325119.0)	(32.0, 436898.0)	(33.0, 605420.0)	(34.0, 955427.0)	(35.0, 2344677.0)	(36.0, 35876455.0)	(37.0, 6666861.0)	
WW1-2.2	(21.0, 3.0)	(22.0, 40.0)	(23.0, 730.0)	(24.0, 10434.0)	(25.0, 37346.0)	(26.0, 59163.0)	(27.0, 83069.0)	(28.0, 113782.0)	(29.0, 156139.0)	(30.0, 214607.0)	(31.0, 299745.0)	(32.0, 427704.0)	(33.0, 664393.0)	(34.0, 1280853.0)	(35.0, 4626143.0)	(36.0, 37146471.0)	(37.0, 2736572.0)	
WW1-4.1	(21.0, 3.0)	(22.0, 13.0)	(23.0, 266.0)	(24.0, 3281.0)	(25.0, 15038.0)	(26.0, 31346.0)	(27.0, 57582.0)	(28.0, 97962.0)	(29.0, 152276.0)	(30.0, 218392.0)	(31.0, 298180.0)	(32.0, 404027.0)	(33.0, 559148.0)	(34.0, 885272.0)	(35.0, 2214124.0)	(36.0, 34261234.0)	(37.0, 6030561.0)	
WW1-4.2	(20.0, 1.0)	(21.0, 2.0)	(22.0, 40.0)	(23.0, 610.0)	(24.0, 8458.0)	(25.0, 30384.0)	(26.0, 49440.0)	(27.0, 70992.0)	(28.0, 98884.0)	(29.0, 138170.0)	(30.0, 191246.0)	(31.0, 267716.0)	(32.0, 384728.0)	(33.0, 596653.0)	(34.0, 1157203.0)	(35.0, 4244034.0)	(36.0, 35398447.0)	(37.0, 2591697.0)
WW2-1.1	(21.0, 3.0)	(22.0, 33.0)	(23.0, 301.0)	(24.0, 3852.0)	(25.0, 16355.0)	(26.0, 33531.0)	(27.0, 61861.0)	(28.0, 104372.0)	(29.0, 162351.0)	(30.0, 233808.0)	(31.0, 322638.0)	(32.0, 434212.0)	(33.0, 604506.0)	(34.0, 952997.0)	(35.0, 2322953.0)	(36.0, 36473203.0)	(37.0, 7216029.0)	
WW2-1.2	(21.0, 6.0)	(22.0, 41.0)	(23.0, 722.0)	(24.0, 9825.0)	(25.0, 33337.0)	(26.0, 53095.0)	(27.0, 75323.0)	(28.0, 105309.0)	(29.0, 147869.0)	(30.0, 203894.0)	(31.0, 285953.0)	(32.0, 412004.0)	(33.0, 642307.0)	(34.0, 1231953.0)	(35.0, 4453406.0)	(36.0, 38288422.0)	(37.0, 2999539.0)	
WW2-5.1	(21.0, 2.0)	(22.0, 30.0)	(23.0, 340.0)	(24.0, 3849.0)	(25.0, 16178.0)	(26.0, 33120.0)	(27.0, 59915.0)	(28.0, 100724.0)	(29.0, 159336.0)	(30.0, 231938.0)	(31.0, 323840.0)	(32.0, 441664.0)	(33.0, 622778.0)	(34.0, 992582.0)	(35.0, 2457196.0)	(36.0, 37246577.0)	(37.0, 7033460.0)	
WW2-5.2	(21.0, 1.0)	(22.0, 46.0)	(23.0, 1020.0)	(24.0, 13379.0)	(25.0, 44410.0)	(26.0, 69545.0)	(27.0, 96058.0)	(28.0, 131798.0)	(29.0, 180180.0)	(30.0, 245300.0)	(31.0, 342444.0)	(32.0, 493505.0)	(33.0, 778721.0)	(34.0, 1559257.0)	(35.0, 5841956.0)	(36.0, 37751532.0)	(37.0, 2174377.0)	
WW2-6.1	(21.0, 1.0)	(22.0, 26.0)	(23.0, 284.0)	(24.0, 3630.0)	(25.0, 15690.0)	(26.0, 32645.0)	(27.0, 59547.0)	(28.0, 99525.0)	(29.0, 153127.0)	(30.0, 217154.0)	(31.0, 298696.0)	(32.0, 404302.0)	(33.0, 569101.0)	(34.0, 911777.0)	(35.0, 2321329.0)	(36.0, 34236200.0)	(37.0, 5899962.0)	
WW2-6.2	(21.0, 7.0)	(22.0, 44.0)	(23.0, 797.0)	(24.0, 11440.0)	(25.0, 39535.0)	(26.0, 61268.0)	(27.0, 85340.0)	(28.0, 115186.0)	(29.0, 158276.0)	(30.0, 215363.0)	(31.0, 299577.0)	(32.0, 433352.0)	(33.0, 684815.0)	(34.0, 1390753.0)	(35.0, 5295347.0)	(36.0, 34426599.0)	(37.0, 2005297.0)	
WW3-1.1	(22.0, 13.0)	(23.0, 212.0)	(24.0, 2915.0)	(25.0, 12380.0)	(26.0, 26236.0)	(27.0, 48227.0)	(28.0, 81770.0)	(29.0, 127356.0)	(30.0, 181949.0)	(31.0, 249612.0)	(32.0, 336165.0)	(33.0, 463788.0)	(34.0, 731216.0)	(35.0, 1799426.0)	(36.0, 27462969.0)	(37.0, 5044916.0)		
WW3-1.2	(20.0, 1.0)	(21.0, 4.0)	(22.0, 31.0)	(23.0, 545.0)	(24.0, 7526.0)	(25.0, 25794.0)	(26.0, 41526.0)	(27.0, 58572.0)	(28.0, 80587.0)	(29.0, 112221.0)	(30.0, 155425.0)	(31.0, 218200.0)	(32.0, 312959.0)	(33.0, 489622.0)	(34.0, 958390.0)	(35.0, 3552859.0)	(36.0, 28509730.0)	(37.0, 2045158.0)
WW5-1.1	(21.0, 3.0)	(22.0, 22.0)	(23.0, 285.0)	(24.0, 3367.0)	(25.0, 14960.0)	(26.0, 31696.0)	(27.0, 57918.0)	(28.0, 98890.0)	(29.0, 153004.0)	(30.0, 219613.0)	(31.0, 301938.0)	(32.0, 408184.0)	(33.0, 567001.0)	(34.0, 897495.0)	(35.0, 2237986.0)	(36.0, 34552861.0)	(37.0, 6108008.0)	
WW5-1.2	(21.0, 5.0)	(22.0, 39.0)	(23.0, 730.0)	(24.0, 9395.0)	(25.0, 33531.0)	(26.0, 53468.0)	(27.0, 76276.0)	(28.0, 106186.0)	(29.0, 146113.0)	(30.0, 201069.0)	(31.0, 280897.0)	(32.0, 406660.0)	(33.0, 633244.0)	(34.0, 1240559.0)	(35.0, 4570517.0)	(36.0, 35490690.0)	(37.0, 2403852.0)	
WW5-3.1	(22.0, 25.0)	(23.0, 292.0)	(24.0, 3689.0)	(25.0, 16064.0)	(26.0, 33834.0)	(27.0, 61837.0)	(28.0, 103889.0)	(29.0, 162015.0)	(30.0, 231168.0)	(31.0, 318130.0)	(32.0, 426885.0)	(33.0, 593445.0)	(34.0, 943141.0)	(35.0, 2346741.0)	(36.0, 36078505.0)	(37.0, 6556586.0)		
WW5-3.2	(21.0, 8.0)	(22.0, 62.0)	(23.0, 1232.0)	(24.0, 16218.0)	(25.0, 54187.0)	(26.0, 83052.0)	(27.0, 114393.0)	(28.0, 154153.0)	(29.0, 208209.0)	(30.0, 282697.0)	(31.0, 394104.0)	(32.0, 584520.0)	(33.0, 981345.0)	(34.0, 2205909.0)	(35.0, 8491105.0)	(36.0, 33156802.0)	(37.0, 1148250.0)	
WW5-4.1	(21.0, 1.0)	(22.0, 17.0)	(23.0, 191.0)	(24.0, 2417.0)	(25.0, 10648.0)	(26.0, 22820.0)	(27.0, 42887.0)	(28.0, 72153.0)	(29.0, 112004.0)	(30.0, 158974.0)	(31.0, 214901.0)	(32.0, 286415.0)	(33.0, 392519.0)	(34.0, 615137.0)	(35.0, 1505991.0)	(36.0, 21136444.0)	(37.0, 3649262.0)	
WW5-4.2	(20.0, 2.0)	(21.0, 4.0)	(22.0, 19.0)	(23.0, 387.0)	(24.0, 6030.0)	(25.0, 21034.0)	(26.0, 33578.0)	(27.0, 47720.0)	(28.0, 66969.0)	(29.0, 93051.0)	(30.0, 129056.0)	(31.0, 182569.0)	(32.0, 263414.0)	(33.0, 411367.0)	(34.0, 799731.0)	(35.0, 2840459.0)	(36.0, 21761759.0)	(37.0, 1565632.0)
WW5-5.1	(21.0, 5.0)	(22.0, 34.0)	(23.0, 379.0)	(24.0, 5000.0)	(25.0, 22325.0)	(26.0, 46655.0)	(27.0, 84867.0)	(28.0, 140830.0)	(29.0, 216552.0)	(30.0, 306320.0)	(31.0, 416194.0)	(32.0, 554899.0)	(33.0, 765757.0)	(34.0, 1200878.0)	(35.0, 2957965.0)	(36.0, 46616119.0)	(37.0, 8724031.0)	
WW5-5.2	(20.0, 1.0)	(21.0, 3.0)	(22.0, 62.0)	(23.0, 969.0)	(24.0, 12602.0)	(25.0, 44060.0)	(26.0, 69460.0)	(27.0, 98097.0)	(28.0, 135011.0)	(29.0, 187959.0)	(30.0, 255660.0)	(31.0, 356543.0)	(32.0, 510270.0)	(33.0, 789591.0)	(34.0, 1517849.0)	(35.0, 5507692.0)	(36.0, 48795866.0)	(37.0, 3777115.0)
WW5-6.1	(21.0, 1.0)	(22.0, 25.0)	(23.0, 224.0)	(24.0, 2636.0)	(25.0, 11477.0)	(26.0, 24459.0)	(27.0, 44729.0)	(28.0, 76096.0)	(29.0, 118770.0)	(30.0, 169492.0)	(31.0, 229764.0)	(32.0, 307919.0)	(33.0, 424370.0)	(34.0, 666547.0)	(35.0, 1632164.0)	(36.0, 22546189.0)	(37.0, 3815707.0)	
WW5-6.2	(21.0, 1.0)	(22.0, 21.0)	(23.0, 470.0)	(24.0, 6962.0)	(25.0, 24412.0)	(26.0, 38887.0)	(27.0, 55924.0)	(28.0, 78238.0)	(29.0, 109605.0)	(30.0, 150304.0)	(31.0, 211675.0)	(32.0, 305199.0)	(33.0, 480338.0)	(34.0, 944289.0)	(35.0, 3425280.0)	(36.0, 22879792.0)	(37.0, 1359172.0)	
